-- SDBR
7.39243e+06 0.00863952 246.859 24928.6 7194.84 0.122821
7.59311e+06 0.252167 169.648 24104.3 11123.7 0.235176
7.09411e+06 0.500504 157.266 25020.6 12222.9 0.275954
7.57353e+06 0.596892 157.026 24398.4 12396.8 0.280649
7.77991e+06 0.667851 155.629 24303.8 12629.1 0.284517
7.9662e+06 0.828343 154.587 24450.3 12955.5 0.290266
8.36605e+06 0.963831 154.142 24484.8 13464.1 0.296177
8.56375e+06 0.981398 153.591 24228.8 13497 0.295371
8.32299e+06 0.996414 154.78 24464 13328.3 0.292693
8.58845e+06 0.998165 156.06 24304.6 13415.4 0.291643
-- IDBR
7.65783e+06 0.00585206 257.64 24218 6733.73 0.11153
7.42319e+06 0.298651 176.591 24670 11215.5 0.22514
7.42315e+06 0.522363 172.315 24846.5 12862.9 0.227744
8.11603e+06 0.604636 171.43 24479.2 13441.2 0.232284
8.51888e+06 0.667059 171.052 24384.9 13813.1 0.235086
9.73444e+06 0.807082 168.457 24414.2 14886.8 0.245769
1.27423e+07 0.949126 167.209 24574.8 16756.4 0.254639
1.3436e+07 0.973252 167.577 24824.3 17398 0.255232
1.55328e+07 0.993818 167.634 24360.6 17896.9 0.255874
1.58316e+07 0.996846 167.449 24401 18063.2 0.256923
