--- SDBR
7.58998e+06 0.00674239 253.803 24397.7 6929.33 0.114897
7.38877e+06 0.267005 168.328 24364.6 11201.5 0.242442
7.39522e+06 0.480588 157.795 24271.3 11967.4 0.271135
7.61456e+06 0.594312 156.254 24283.8 12395 0.280822
7.5107e+06 0.679173 156.525 24920.3 12742.4 0.285533
8.17108e+06 0.823344 154.6 24123.6 12920.1 0.290636
8.11842e+06 0.964782 153.566 24768.7 13463.5 0.296958
8.40281e+06 0.981736 153.465 24511.8 13581.1 0.29691
8.2522e+06 0.996475 156.144 24698.5 13357.2 0.290085
8.2187e+06 0.998231 154.924 24799.5 13510.4 0.295118
--- IDBR
7.68548e+06 0.00621828 260.005 23960.5 6581.27 0.106465
7.90324e+06 0.268213 180.753 24056.7 10823.2 0.212218
7.93055e+06 0.497816 175.61 24271.3 12448.7 0.214327
973583 0.953259 174.822 23757.3 13331.5 0.219249
8.41292e+06 0.668848 170.071 24278.4 13832.9 0.225787
1.01751e+07 0.794371 165.266 24305.7 15077.5 0.239686
1.25372e+07 0.947742 160.187 24505.6 17354.9 0.260662
1.49455e+07 0.968813 159.835 24174.6 17782.1 0.261855
1.6664e+07 0.992963 157.983 24303.4 18643.8 0.265349
1.70168e+07 0.996418 158.38 24250.5 18673.4 0.265825
