Static
99439.9 0.880781 2.78099 24326.8 7605.73 0.445311
729631 0.875986 19.6523 24245.1 8088.28 0.429095
2.65573e+06 0.868347 67.0909 24717.1 9566.78 0.384827
7.60074e+06 0.841737 160.14 24187.6 11551.9 0.25936
9.85612e+06 0.833495 197.016 23960.3 12000.1 0.212245
1.06598e+07 0.838978 220.778 24918.3 12505.4 0.196529
1.17972e+07 0.835866 239.328 24738.3 12570.6 0.188039
1.32707e+07 0.835199 268.567 24599.1 12458.7 0.191589
DBR
93775.4 0.878574 2.56856 24116.5 7687.48 0.42017
711776 0.874291 18.888 24028.6 8119.9 0.401921
2.70328e+06 0.865386 67.0257 24580 9708.67 0.365715
7.69776e+06 0.839741 160.977 24301 11762.6 0.235178
9.77723e+06 0.83439 196.868 24405.7 12330.5 0.189393
1.12244e+07 0.829799 220.44 24183.2 12416.8 0.170018
1.22265e+07 0.829054 238.459 24264.5 12565.7 0.164375
1.31346e+07 0.834609 265.245 24778.3 12664.9 0.169591
SDBR
110016 0.851813 2.4779 24506.9 11135.9 0.71612
802776 0.84773 17.5658 24621.7 11647.8 0.674996
2.99197e+06 0.830753 59.0844 24448.8 12745.2 0.546121
8.25692e+06 0.800613 138.469 24771.9 14853.9 0.316284
1.05677e+07 0.787983 166.61 24401.2 15104.8 0.276424
1.21756e+07 0.781798 185.671 24222.3 15221.7 0.261864
1.27528e+07 0.785746 198.238 24588.6 15412.1 0.260528
1.3753e+07 0.788695 217.199 24767.4 15451.1 0.271936
QEDF
92661.2 0.882829 2.6424 24984.3 7880.17 0.360595
669168 0.875964 17.9277 24145.7 8089.46 0.347265
2.50002e+06 0.865405 61.8571 24395.1 9551.71 0.321383
6.86279e+06 0.843834 146.663 24748.2 11928.7 0.219285
9.02006e+06 0.833827 180.575 24233.7 12223.5 0.172085
1.01646e+07 0.833257 203.117 24443.7 12460.7 0.146674
1.08471e+07 0.835897 220.076 24674.2 12613.2 0.138208
1.25829e+07 0.831118 248.963 24302.3 12435.7 0.133258
QSSF
92357.8 0.880886 2.59054 24569.1 7744.67 0.366459
652713 0.876822 17.6844 24424.2 8181.05 0.351594
2.45205e+06 0.865504 60.8026 24440.6 9571.78 0.324588
6.89049e+06 0.843558 147.22 24770 11959.5 0.217674
8.78031e+06 0.839083 181.588 24679.1 12360.6 0.170641
1.01263e+07 0.83493 203.913 24498.1 12492.8 0.147201
1.10885e+07 0.831986 220.115 24527.3 12619.1 0.135838
1.23903e+07 0.833931 248.174 24489 12474.9 0.133918
IDBR
158738 0.775136 2.35412 24784.6 14086.3 0.649681
1.18538e+06 0.765858 16.8713 24333.5 14046.5 0.599431
4.45813e+06 0.747409 58.9264 24348.3 14759.8 0.478429
1.18277e+07 0.719274 140.684 24694.4 16240.4 0.287964
1.47835e+07 0.711245 169.452 24553 16548.6 0.25484
1.66811e+07 0.703136 187.228 24332.4 16617.9 0.245278
1.7463e+07 0.707091 198.877 24672.2 16859.7 0.24705
1.95799e+07 0.702087 218.492 24293.4 16657.4 0.253956
