static
2.44532e+06 0.887344 72.2955 24708.8 6979.15 0.492077
4.01173e+06 0.873486 105.583 24189.2 8405.01 0.395989
5.467e+06 0.864663 134.682 24675.8 9930.26 0.328735
6.46247e+06 0.857526 151.388 24759.1 10710 0.292939
7.29366e+06 0.851578 163.656 24684.8 11225.4 0.264927
9.39935e+06 0.835197 190.124 24617.6 12485.3 0.209636
1.09774e+07 0.820309 203.954 24017.4 12871.1 0.184252
1.1002e+07 0.82332 207.636 24497.5 13207.9 0.179742
1.12563e+07 0.822443 210.777 24649.2 13416.4 0.174631
DBR
2.51412e+06 0.8869 73.9274 24586.3 6968.15 0.445248
3.96951e+06 0.874399 105.222 24499.2 8608.56 0.357932
5.49777e+06 0.864047 135.087 24879.8 10143.6 0.290899
6.8001e+06 0.851282 152.411 24120.3 10678.6 0.255486
7.63008e+06 0.844268 163.788 24114.5 11236.4 0.233487
9.49314e+06 0.833074 189.81 24615.1 12626.7 0.194406
1.07452e+07 0.823221 202.649 24392.3 13079 0.174449
1.13112e+07 0.81815 207.31 24182.1 13187.1 0.168725
1.15726e+07 0.817112 210.139 24258.7 13369.2 0.162191
SDBR
2.02888e+06 0.855779 46.9963 24337.8 10572.1 0.678858
3.70418e+06 0.83755 76.0611 24219.2 12031.9 0.551951
5.71483e+06 0.81973 105.521 24071.8 13133.9 0.447247
7.05424e+06 0.811871 124.618 24408.3 13949.9 0.381843
7.90717e+06 0.806793 136.587 24467.8 14345.5 0.344406
1.08851e+07 0.781133 166.337 24213.9 15201.5 0.25596
1.21691e+07 0.774703 179.775 24436.5 15728.2 0.220177
1.25554e+07 0.774327 185.394 24733.9 16036.9 0.206149
1.31194e+07 0.766686 187.616 24362.4 15943.9 0.200337
QEDF
1.8296e+06 0.885377 53.1398 24201.5 6777.18 0.433198
3.2037e+06 0.873112 84.228 24131.2 8360.06 0.338758
4.76302e+06 0.863519 116.381 24177.5 9801.02 0.268949
5.85073e+06 0.854931 134.931 24556.3 10727.3 0.238048
6.88048e+06 0.8454 148.248 24058.8 11161.3 0.213415
8.97182e+06 0.831637 178.147 24522.4 12622.6 0.17545
1.0135e+07 0.822001 190.834 24524.1 13229.4 0.156866
1.06677e+07 0.818471 195.825 24393.7 13391.1 0.152361
1.0794e+07 0.818298 197.797 24548.3 13558.3 0.150245
QSSF
1.82353e+06 0.885439 53.0358 24221.6 6790.99 0.427799
3.16883e+06 0.874947 84.4007 24461.1 8493.81 0.334852
4.79907e+06 0.862767 116.508 24486.1 9927.62 0.270957
5.93053e+06 0.853254 135.003 24374.1 10724.9 0.23925
6.572e+06 0.851399 147.061 24694.8 11310.1 0.21757
8.97007e+06 0.831511 177.643 24403.2 12561.5 0.173483
1.01039e+07 0.824074 191.156 24587.2 13237.7 0.158692
1.08396e+07 0.815922 196.533 24193.2 13316.8 0.150415
1.09589e+07 0.816052 198.391 24360.8 13503.5 0.14841
IDBR
3.14747e+06 0.809364 55.184 24234.3 12268.8 0.602128
5.52513e+06 0.77665 82.62 24014.1 13354.5 0.494482
7.97384e+06 0.760198 110.998 24604.1 14769.2 0.400624
9.85363e+06 0.744524 128.597 24337.8 15151.9 0.345688
1.11238e+07 0.733598 139.578 24556.8 15742.1 0.313429
1.53285e+07 0.694006 167.662 24532.8 16814.7 0.239956
1.77036e+07 0.672446 180.044 24611.2 17439.4 0.209053
1.94687e+07 0.650254 185.542 24180.2 17394.1 0.194522
1.98865e+07 0.646324 187.647 24382.4 17669 0.190172
