7.95153e+06 0.00313749 263.435 24250.6 7239.16 0.0970713
9.15613e+06 0.163626 182.746 24183.2 12218.7 0.206774
9.87324e+06 0.363632 172.842 24395.5 13432.4 0.223605
1.04198e+07 0.48421 168.379 25030.3 14476.6 0.233376
1.14226e+07 0.545042 167.433 24955.9 15091.2 0.238574
1.36045e+07 0.711962 157.832 24548.6 16388.9 0.262796
1.90964e+07 0.910906 143.006 24543.8 18988.6 0.310443
2.17e+07 0.948188 139.577 24455 19628.9 0.320004
2.71356e+07 0.986593 135.028 24495.1 20685.2 0.333499

1.38942e+07 0.708404 159.218 24408 16372.2 0.259302
1.08226e+07 0.730704 134.332 24452.2 15222.4 0.347429
8.85828e+06 0.746087 116.675 24407.3 14107.4 0.412326
7.22067e+06 0.76483 102.606 24853.3 13404.8 0.463914
4.96381e+06 0.779282 74.9594 24289.6 10776.3 0.57087
3.06764e+06 0.799994 51.2144 24452.5 8601.75 0.665748
2.71706e+06 0.806064 46.8047 24434.7 7919.19 0.681418
