7.58649e+06 0 252.269 8390.02 1306.54 0.00585243
1.39843e+07 0 234.687 8155.18 1763.87 0.00959941
1.91486e+07 0.00322785 213.832 8086.64 2434.73 0.0171413
2.23868e+07 0.0300626 192.958 8132.54 3194.99 0.0271852
2.41127e+07 0.1078 179.845 8152.43 3753.95 0.034697
2.58645e+07 0.478732 165.808 8193.77 4450.26 0.0469835
3.57515e+07 0.846686 155.463 8138.37 5550.37 0.0763588
3.95126e+07 0.913675 152.624 8117.46 5808.45 0.0834528
4.59497e+07 0.979409 148.822 8134.31 6192.9 0.0916643
4.75833e+07 0.989317 148.476 8175.65 6308.84 0.0932267
