7.54362e+06 0 252.751 8153.6 1290.47 0.00549487
1.40657e+07 0 234.553 8187.75 1798.17 0.00932164
1.92411e+07 0.00186117 213.558 8106.55 2459.63 0.0170703
2.25738e+07 0.0225962 193.363 8071.84 3209.18 0.0262286
2.417e+07 0.0921144 177.926 8104.94 3825.72 0.0357251
2.55756e+07 0.466782 159.998 8178.89 4594.67 0.0590745
2.85186e+07 0.876546 154.083 8111.91 4899.7 0.0805409
2.76893e+07 0.939896 153.504 8272.51 4959.49 0.0836004
2.88332e+07 0.987433 152.995 8155.2 4974.49 0.0856053
2.84211e+07 0.99381 153.1 8171.91 4941.52 0.0842015
