1.20282e+07 0.00541755 399.543 24481 7316.24 0.0765654
1.11022e+07 0.245759 246.782 24501.2 11768.8 0.185316
1.1469e+07 0.4625 236.372 24409.8 13057.8 0.19979
1.16545e+07 0.576547 230.983 24501.7 14029.3 0.207131
1.15275e+07 0.659063 225.546 25008.4 14790.8 0.218494
1.37413e+07 0.788914 216.113 24315.5 15908.7 0.236899
1.93127e+07 0.936531 202.879 24298.4 18190.7 0.263139
2.21389e+07 0.962971 199.634 24312.4 18921.4 0.269403
2.59774e+07 0.991203 197.101 24202.8 19658.5 0.274574
2.56747e+07 0.995636 196.312 24445.9 19874.4 0.275796
