2.96006e+06 0.00149007 9.94896 2069.05 385.999 0.137992
3.12466e+06 0.000753338 10.4235 1746.13 251.274 0.118297
2.98551e+06 0.00248366 9.97804 1758.88 232.31 0.133917
2.7566e+06 0.00970576 9.27787 1871.48 237.673 0.158911
2.59897e+06 0.0112662 8.7435 1807.41 157.284 0.175841
2.13497e+06 0.0773582 7.7319 1871.67 112.288 0.216196
2.41608e+06 0.0180882 8.19362 1749.91 79.0216 0.194982
3.20813e+06 0.00105069 10.7121 1783.07 302.855 0.113888
3.05519e+06 0.00179368 10.2233 1798.83 271.827 0.126928
2.93042e+06 0.00548223 9.83805 1807.91 246.728 0.141597
2.66813e+06 0.00579968 8.96595 1774.22 233.243 0.168006
2.06431e+06 0.0534941 7.27976 2136.51 227.555 0.236666
2.34328e+06 0.0232898 7.98953 1730.91 98.6793 0.204518
2.34801e+06 0.0209887 8.00809 1780.21 85.2701 0.20424
3.07471e+06 0.00147159 10.2752 1922.56 357.166 0.127809
3.04261e+06 0.00478839 10.2016 1930.99 384.203 0.134073
2.92405e+06 0.00267551 9.7811 1906.02 301.2 0.142536
3.18639e+06 0.000417265 10.641 1816.35 305.179 0.114783
