4.229e+06 0.000536541 14.1012 1722.21 284.367 0.0177757
4.03624e+06 0.00577456 13.504 2116.64 375 0.0284951
4.05135e+06 0.00768379 13.5746 1935.68 292.621 0.0269793
4.00467e+06 0.0110096 13.5258 1777.64 240.157 0.0282292
3.7447e+06 0.027069 12.8373 2057.62 216.265 0.0384704
3.76583e+06 0.0266973 12.8975 1899.89 116.559 0.0366358
3.89736e+06 0.0181273 13.217 1731.09 78.0692 0.0316947
4.03507e+06 0.00342992 13.5225 2301.99 471.567 0.0280767
4.14143e+06 0.00146506 13.8732 1766.96 263.123 0.020203
4.13443e+06 0.00224694 13.8553 1723.36 224.526 0.0211159
3.81991e+06 0.0288455 13.1198 2138.51 322.251 0.0341741
4.00797e+06 0.00965756 13.459 1755.25 151.861 0.0277644
3.50705e+06 0.0625081 12.469 1795.64 131.458 0.0441583
3.79167e+06 0.0265439 12.9645 1812.54 90.9585 0.0355631
