Static
2.15447e+06 0.0420957 7.5114 1744.06 145.281 0.228667
2.47096e+06 0.026496 8.46712 1908.57 219.392 0.192242
2.60708e+06 0.0167728 8.83651 1845.62 264.138 0.17783
2.82155e+06 0.013439 9.5587 1934.23 296.681 0.15627
3.03057e+06 0.00717271 10.174 1815.05 278.981 0.131556
3.13582e+06 0.00491653 10.5616 1881.59 332.845 0.121579
3.32886e+06 0.00273105 11.1582 1750.77 321.029 0.104098
3.35228e+06 0.00241622 11.2303 1742.48 321.462 0.101473
3.37661e+06 0.00152381 11.2516 1673.65 292.136 0.100236
DBR
2.51703e+06 0.0178486 8.55309 1747 135.476 0.180048
2.66918e+06 0.0174178 9.07299 1792.3 201.32 0.163126
2.91354e+06 0.00987634 9.76886 1762.1 232.596 0.139314
2.98836e+06 0.00947399 10.0396 1847.51 304.883 0.134107
2.99097e+06 0.00864051 10.0691 1777.05 266.546 0.131397
3.15837e+06 0.00848856 10.6414 1845.91 346.096 0.114953
3.19592e+06 0.00313333 10.698 1890.28 364.031 0.113427
3.19679e+06 0.00574898 10.6971 1920.43 393.536 0.114417
3.28326e+06 0.00347553 10.9682 1803.96 349.159 0.104944
SDBR
2.38417e+06 0.0135027 8.07971 1810.01 152.875 0.202826
2.135e+06 0.0201115 7.26214 2095.54 298.989 0.239961
2.75838e+06 0.00414888 9.23783 1913.01 273.871 0.159818
3.06355e+06 0.0017766 10.2297 1760.46 278.317 0.127192
3.10852e+06 0.00153336 10.4004 1667.86 236.655 0.120819
3.18794e+06 0.000844651 10.6521 1896.07 377.139 0.116066
3.19437e+06 0.00124116 10.6714 1782.59 336.306 0.115206
3.21954e+06 0.000518164 10.7686 1891.78 382.683 0.112548
3.31677e+06 0.000100117 11.0699 1749.88 330.418 0.101876
QEDF
1.88411e+06 0.0301297 6.47779 1861.75 155.043 0.182798
2.30517e+06 0.0144961 7.80571 1782.01 187.58 0.146821
2.46024e+06 0.0134597 8.30843 1852.16 254.845 0.140362
2.4862e+06 0.0154045 8.44331 2040.6 325.603 0.14256
2.66985e+06 0.014455 9.02921 1930.33 328.34 0.129182
2.95824e+06 0.0052886 9.96094 1741.87 386.994 0.110578
3.05885e+06 0.00404192 10.2594 1770.28 312.969 0.0986312
3.17907e+06 0.00275617 10.6501 1756.73 334.625 0.0915974
3.18183e+06 0.00261287 10.6185 1734.8 323.72 0.0915902
QSSF
1.76688e+06 0.0365001 6.13703 1931.95 171.924 0.195471
2.2769e+06 0.0169528 7.72184 1811.88 196.707 0.149974
2.46388e+06 0.0147526 8.34493 1891.5 262.915 0.140665
2.65951e+06 0.00947747 8.97271 1852.91 280.609 0.125864
2.77464e+06 0.0101795 9.38954 1841.46 294.238 0.117853
2.79704e+06 0.0189141 9.49871 2052.21 480.396 0.129927
3.03116e+06 0.00525666 10.1444 1810.67 326.063 0.100371
3.15237e+06 0.00235623 10.5161 1760.61 328.023 0.0932958
3.15579e+06 0.00325012 10.5758 1801.49 352.15 0.0941662
IDBR
2.51124e+06 0.00878741 8.45226 1792.42 140.048 0.180557
2.53004e+06 0.0111867 8.52381 1925.7 231.706 0.184678
2.86298e+06 0.00370573 9.57659 1840.92 253.195 0.148945
3.04222e+06 0.000978225 10.1669 1797.09 258.609 0.128213
3.0185e+06 0.00129715 10.1045 1885.88 300.473 0.131488
3.079e+06 0.0013593 10.2974 1862.76 398.123 0.128903
3.19962e+06 0.0010071 10.6808 1862.72 336.369 0.114629
3.37456e+06 0.000133375 11.2536 1741.63 326.508 0.0985507
3.4042e+06 0.000160219 11.3648 1684.99 310.489 0.0952831