Static
1.86289e+06 0.0327947 6.42128 1924.68 168.106 0.291791
2.18979e+06 0.0220874 7.47122 1834.9 201.492 0.242559
2.4949e+06 0.019679 8.47997 1849.71 253.935 0.203385
2.30888e+06 0.0438146 8.04365 2111.24 375.222 0.228944
2.87152e+06 0.00634056 9.64385 1693.76 248.883 0.15475
2.77135e+06 0.00675045 9.33821 1974.48 363.836 0.167389
3.0337e+06 0.00348782 10.1511 1770.21 321.371 0.137428
2.95445e+06 0.0052183 9.90294 1906.96 370.724 0.147455
3.09635e+06 0.00213956 10.3575 1741.72 321.317 0.130865
DBR
1.19763e+06 0.0779706 4.33334 2258.33 266.163 0.386924
2.41041e+06 0.0119556 8.14707 1761.54 185.622 0.203886
2.70954e+06 0.00497992 9.07694 1692.09 213.542 0.166515
2.64456e+06 0.00854667 8.90858 1849.97 275.901 0.173442
2.48537e+06 0.0141117 8.45431 2066.11 360.4 0.193097
2.74253e+06 0.01307 9.27949 1983.67 391.649 0.164028
2.95653e+06 0.00412808 9.91544 1850.45 352.872 0.139231
3.06269e+06 0.00206008 10.2305 1751.5 327.337 0.128002
2.9835e+06 0.0053066 10.0105 1865.17 369.069 0.13652
SDBR
1.99092e+06 0.0140858 6.73084 1751.99 150.985 0.273982
2.40306e+06 0.00615257 8.05886 1744.61 188.273 0.210709
2.6177e+06 0.00301376 8.763 1754.41 231.16 0.182447
2.54328e+06 0.00499682 8.50913 1906.73 313.38 0.194758
2.83392e+06 0.000909773 9.45277 1737.73 267.397 0.154347
2.92236e+06 0.0003171 9.75771 1812.39 323.913 0.144308
3.05393e+06 0.000700759 10.1981 1726.59 321.116 0.13119
3.07008e+06 0.000216911 10.2474 1749.13 328.621 0.128496
3.04347e+06 0.000897819 10.205 1778.29 349.552 0.132152
QEDF
1.81552e+06 0.017063 6.16525 1741.27 126.22 0.225974
2.03102e+06 0.0150522 6.87604 1813.55 190.912 0.204644
2.20167e+06 0.0134627 7.46289 1868.06 256.432 0.190855
2.56673e+06 0.00502319 8.62161 1707.7 239.273 0.148924
2.60983e+06 0.00621734 8.76896 1722.35 263.932 0.147211
2.89027e+06 0.00269072 9.65088 1664.69 282.883 0.12162
2.98111e+06 0.0018544 9.96128 1639.91 293.997 0.113997
2.81937e+06 0.00464911 9.48075 1902.65 371.482 0.132854
2.81773e+06 0.00517189 9.42048 1940.03 394.469 0.137081
QSSF
862141 0.129919 3.3053 2059.51 256.24 0.421303
1.74498e+06 0.0298309 5.99909 2028 245.697 0.250356
2.32503e+06 0.00972134 7.83551 1783.57 231.059 0.173788
2.37069e+06 0.0119932 7.98923 1886.94 287.741 0.175688
2.61636e+06 0.00611533 8.7778 1734.04 266.756 0.147324
2.74988e+06 0.00436744 9.21513 1820.16 326.962 0.13825
2.7054e+06 0.00564306 9.08488 1963.16 387.046 0.14399
2.3309e+06 0.0302043 8.01647 2167.64 539.185 0.193999
2.89172e+06 0.00350147 9.66792 1834.29 360.368 0.127808
IDBR
2.04658e+06 0.0169564 6.94786 1821.89 160.963 0.260253
2.35632e+06 0.00691029 7.92864 1835.47 201.726 0.214155
2.22019e+06 0.0129862 7.52679 2129.69 346.656 0.236107
2.7153e+06 0.00302962 9.09747 1834.01 273.534 0.167801
2.72169e+06 0.00273074 9.13316 1882.83 308.413 0.168499
2.91445e+06 0.00242641 9.75088 1861.26 344.622 0.147355
3.08962e+06 0.000506817 10.307 1756.33 317.471 0.127202
3.13112e+06 0.0001 10.4384 1719.36 311.787 0.122006
3.04095e+06 0.000333738 10.1523 1859.79 360.798 0.134029
