Static
3.88916e+06 0.0202647 13.2396 1739.29 133.247 0.0302161
3.99641e+06 0.0127283 13.4913 1798.91 186.633 0.0265309
4.02401e+06 0.0146078 13.6292 1898.11 260.682 0.0253887
4.02504e+06 0.0134459 13.6056 1987.75 310.684 0.0253485
4.18935e+06 0.00413135 14.0271 1727.87 254.817 0.0195405
4.25011e+06 0.00207814 14.2295 1667.55 278.975 0.0169545
4.24853e+06 0.00278282 14.2158 1740.31 317.155 0.017279
4.20541e+06 0.00500839 14.1311 1831.4 359.837 0.0184779
4.16878e+06 0.00527969 14.0043 2035.55 410.965 0.0209051
IDBR
3.89776e+06 0.0185009 13.2453 1792.28 143.086 0.0288811
4.02837e+06 0.0124942 13.6174 1769.18 190.987 0.0245922
4.13785e+06 0.00654191 13.8738 1701.12 220.191 0.0209858
4.13145e+06 0.00665536 13.8611 1835.13 276.972 0.022113
4.17411e+06 0.00546353 14.0253 1753.58 274.805 0.0198983
4.19823e+06 0.0041442 14.1007 1808.37 330.688 0.0185973
4.21156e+06 0.00278543 14.1563 1810.36 342.136 0.0176199
4.23988e+06 0.00249202 14.218 1706.63 327.207 0.0165255
3.99881e+06 0.0112694 13.4412 2161.56 553.884 0.0281307
SDBR
3.84679e+06 0.0181253 13.0512 1862.55 170.57 0.0338358
3.9792e+06 0.00989139 13.4349 1835.44 219.561 0.0289314
4.14077e+06 0.0021802 13.834 1714.64 223.722 0.0214755
4.15755e+06 0.00136642 13.9089 1769.14 262.472 0.0206113
4.22436e+06 0.00045771 14.1199 1654.55 245.448 0.0179424
4.14404e+06 0.00127216 13.8547 1942.7 397.761 0.0225738
4.24486e+06 0.000216717 14.1562 1758.59 337.446 0.0174215
4.22946e+06 0.00015023 14.122 1880.27 376.003 0.018618
4.21385e+06 0.000496594 14.0513 1974.91 414.38 0.0203241
QEDF
3.48933e+06 0.0629831 12.4118 1763.38 123.447 0.0123715
3.59108e+06 0.05261 12.6318 1868.67 197.253 0.0127969
3.87599e+06 0.0259873 13.2889 1630.48 205.795 0.0110501
3.85276e+06 0.0282254 13.2057 1877.03 284.203 0.0120274
3.95603e+06 0.0194438 13.474 1726.88 276.104 0.0115563
4.08579e+06 0.0121352 13.8155 1756.59 330.449 0.0109691
4.11285e+06 0.00961323 13.881 1872.94 374.026 0.0107798
4.00866e+06 0.0157983 13.5868 2155.65 472.298 0.0130965
4.17381e+06 0.00545523 14.0197 1714.58 343.166 0.0104531
QSSF
3.44067e+06 0.0697391 12.328 1854.79 134.727 0.0129849
3.64855e+06 0.0478162 12.7933 1765.53 179.751 0.0121917
3.74189e+06 0.0374116 12.9931 1899.46 256.424 0.0124517
3.92599e+06 0.021469 13.3815 1730.55 255.65 0.0110876
3.96269e+06 0.0200869 13.4801 1784.89 287.159 0.0112768
4.04742e+06 0.0142439 13.6774 1889.65 362.805 0.0116721
4.06905e+06 0.0119411 13.7021 1887.06 400.451 0.0119442
4.13594e+06 0.00903081 13.9135 1841.81 380.59 0.011061
4.16152e+06 0.00694727 13.9835 1801.01 369.14 0.0109508
IDBR
3.82756e+06 0.0165592 12.9991 1694.2 149.9 0.0338227
4.02572e+06 0.00765351 13.4876 1826.5 208.071 0.0269805
4.13804e+06 0.0025391 13.8422 1723.89 229.087 0.0218904
4.08496e+06 0.00380611 13.7027 1909.28 310.285 0.0247154
4.19857e+06 0.00141755 14.0571 1723.06 266.887 0.0195059
4.26588e+06 0.000227227 14.2582 1680.66 288.453 0.0164511
4.25611e+06 0.000587624 14.2189 1774.54 335.48 0.0170716
4.1528e+06 0.00155836 13.9091 1900.97 429.334 0.02232
4.237e+06 0.000334004 14.1566 1860.16 364.028 0.0182729

