static
2.99844e+06 0.0196369 10.1886 1823.22 138.109 0.114457
3.27807e+06 0.0119036 11.0806 1725.1 173.753 0.0911546
3.427e+06 0.00766874 11.5499 1742.31 218.599 0.0824065
3.5089e+06 0.00595485 11.796 1752.78 246.467 0.0777739
3.0559e+06 0.0326009 10.5528 1709.5 351.793 0.116803
3.35404e+06 0.0121223 11.3509 2031.14 417.667 0.0925151
3.66059e+06 0.00474665 12.2515 1860.64 356.96 0.0685103
3.49481e+06 0.0111871 11.8063 2168.12 466.035 0.0827939
3.77457e+06 0.00175196 12.5941 1712.56 316.97 0.0599915
DBR
3.00757e+06 0.0245051 10.2459 1814.67 153.575 0.112677
3.28938e+06 0.0114132 11.0975 1745.68 183.912 0.0893201
3.49853e+06 0.00687341 11.7256 1695.37 218.815 0.0758895
3.57154e+06 0.00437752 12.0056 1673.12 236.722 0.0689267
3.53571e+06 0.00722166 11.8633 1805.21 291.908 0.0744502
3.30432e+06 0.0118827 11.1182 2360.17 497.369 0.0948422
3.68215e+06 0.00381644 12.3202 1841.96 357.342 0.0654461
3.6923e+06 0.002353 12.3876 1815.02 348.249 0.0624128
3.54705e+06 0.0152814 12.016 2043.79 463.747 0.0760413
SDBR
3.17904e+06 0.006754 10.6912 1689.4 123.666 0.100932
3.00025e+06 0.0132526 10.1526 1890.44 243.764 0.120204
3.24478e+06 0.00621352 10.8839 1914.06 287.381 0.0989313
3.45002e+06 0.00176356 11.5437 1841.03 284.725 0.0824818
3.50075e+06 0.00271474 11.7215 1832.04 300.565 0.0790096
3.30718e+06 0.00634723 11.1187 2184.66 490.663 0.0982343
3.72519e+06 0.000100091 12.4299 1754.5 324.936 0.0614723
3.72227e+06 0.000293045 12.399 1796.25 349.079 0.0632532
3.69873e+06 0.000233079 12.3185 1835.59 361.47 0.0648176
QSSF
2.4411e+06 0.0337079 8.40629 1862.82 152.595 0.0839767
2.66357e+06 0.0327352 9.16026 1898.95 221.227 0.0786622
3.1313e+06 0.0105624 10.5615 1706.21 222.249 0.0614097
3.28201e+06 0.00682257 11.0089 1718.16 245.886 0.0556279
3.08203e+06 0.0139205 10.4289 2049.76 346.703 0.0682507
3.47661e+06 0.0045997 11.633 1769.15 317.639 0.0524835
3.43842e+06 0.00668394 11.511 1982.68 404.387 0.0581406
3.46108e+06 0.00665907 11.6361 1996.33 411.76 0.0571775
3.44542e+06 0.00992617 11.6153 2039.69 437.18 0.0589358
QEDF
2.50885e+06 0.0282546 8.61353 1821.98 143.382 0.079535
2.85625e+06 0.0180925 9.65847 1764.71 185.051 0.0695951
3.12607e+06 0.0114352 10.5302 1736.53 227.184 0.0613808
3.07908e+06 0.0163835 10.4453 1903.23 300.736 0.067162
3.29632e+06 0.00772894 11.0718 1783.47 280.31 0.0572178
3.49184e+06 0.00347315 11.646 1758.93 315.056 0.0518991
3.56107e+06 0.00292117 11.9234 1748.69 334.088 0.0496483
3.58088e+06 0.00301964 11.9976 1775.19 348.398 0.049704
3.61092e+06 0.0021216 12.0902 1761.96 342.952 0.0483353
IDBR
3.15957e+06 0.00903683 10.6207 1718.7 130.838 0.102547
3.28436e+06 0.00570824 11.059 1763.31 186.946 0.0924491
3.46129e+06 0.00266869 11.5773 1758.12 230.063 0.0802918
3.4555e+06 0.00260751 11.567 1861.72 286.059 0.0820755
3.49521e+06 0.00250321 11.695 1897.95 318.138 0.0814791
3.66491e+06 0.000840297 12.1826 1819.67 334.463 0.0698734
3.71561e+06 0.000435798 12.3663 1826.85 350.535 0.0650629
3.6552e+06 0.000706792 12.1948 1925.27 398.315 0.0702959
3.72973e+06 0.00027365 12.4504 1831.64 359.515 0.0632849
