3.82756e+06 0.0165592 12.9991 1694.2 149.9 0.0338227
4.02572e+06 0.00765351 13.4876 1826.5 208.071 0.0269805
4.13804e+06 0.0025391 13.8422 1723.89 229.087 0.0218904
4.08496e+06 0.00380611 13.7027 1909.28 310.285 0.0247154
4.19857e+06 0.00141755 14.0571 1723.06 266.887 0.0195059
4.26588e+06 0.000227227 14.2582 1680.66 288.453 0.0164511
4.25611e+06 0.000587624 14.2189 1774.54 335.48 0.0170716
4.1528e+06 0.00155836 13.9091 1900.97 429.334 0.02232
4.237e+06 0.000334004 14.1566 1860.16 364.028 0.0182729
3.93519e+06 0.0106011 13.2551 1780.65 142.553 0.0294427
