7.59226e+06 0 256.244 8258.52 1670.84 0.00300381
1.44348e+07 0 239.924 8128.46 2152.06 0.00545177
2.01557e+07 0.000177567 223.738 8321.26 2928.6 0.0108785
2.51358e+07 0.00345764 210.657 8202.1 3577.16 0.0156469
2.90052e+07 0.0220941 197.635 8159.58 4223.17 0.0227036
3.69205e+07 0.312133 179.302 8140.93 5359.84 0.0360834
4.38015e+07 0.832488 174.274 8159.49 5795.2 0.0527897
4.68305e+07 0.908956 171.647 8134.86 5945.33 0.0592638
5.16083e+07 0.97953 168.047 8177.15 6225.07 0.0673511
5.25624e+07 0.989524 167.29 8144.61 6235.87 0.0688545
