7.65984e+06 0 255.934 8080.28 1635.23 0.00273982
1.43685e+07 0 239.919 8217.89 2187.84 0.0054768
2.02563e+07 0.000188761 224.966 8108.18 2798.22 0.00927345
2.50846e+07 0.00316623 210.783 8166.95 3545.03 0.0156209
2.90961e+07 0.0192144 198.559 8142.28 4197.48 0.0221379
3.63819e+07 0.321559 179.18 8301.86 5520.35 0.0367698
4.70676e+07 0.818545 172.6 8181.52 6001.98 0.0582513
5.08598e+07 0.90011 169.569 8150.14 6158.56 0.0655807
5.74934e+07 0.976839 165.484 8164.23 6438.63 0.0736994
5.87492e+07 0.988101 164.619 8156.42 6475.96 0.0759051
