7.65948e+06 0.794401 124.346 24522.5 21788 0.363502
1.03701e+07 0.745756 135.866 24141.6 19429.8 0.329757
1.36829e+07 0.709212 157.275 24322.9 16223.4 0.264448
2.12844e+07 0.6477 201.746 24459.9 12012.2 0.167259
3.7366e+07 0.534542 267.54 24322.8 6925.54 0.0660437
4.63331e+07 0.472389 293.731 24551.6 5538.95 0.0407062
4.61834e+07 0.474033 292.353 24508.7 5535.39 0.0410582
4.61788e+07 0.473159 292.104 24514.2 5555.05 0.04178
4.61342e+07 0.474844 292.65 24561.6 5548.54 0.0407757
4.53118e+07 0.480065 291.175 24853.8 5570.67 0.0425468
