Static
7.93318e+06 0.0132336 265.991 24891.9 7343.42 0.102129
8.63243e+06 0.289883 203.437 25243.5 11215.3 0.185657
9.15592e+06 0.483321 196.492 24037.5 11425.9 0.199734
9.29009e+06 0.601168 194.317 24261.4 11722.3 0.201343
8.90369e+06 0.689101 190.952 24762.8 11921.2 0.208458
8.94895e+06 0.844116 191.225 24937.3 12135.6 0.208919
9.01149e+06 0.968254 188.952 24673.4 12127.7 0.211797
8.95866e+06 0.984267 189.834 24934.7 12223.1 0.213341
9.0127e+06 0.99682 188.926 24672 12128.4 0.21482
9.03452e+06 0.998405 188.857 24647.1 12105.9 0.214474
DBR
8.0106e+06 0.0100936 269.617 24370.4 7273.39 0.0877116
8.97949e+06 0.258735 201.212 24659.8 11255.4 0.170233
9.31985e+06 0.458805 192.13 24041.1 11682.4 0.181723
8.93239e+06 0.604265 188.042 24738 12111.9 0.189571
9.09505e+06 0.67785 188.155 24562.1 12155.9 0.187472
9.17223e+06 0.837054 187.852 24564.2 12361.4 0.188154
9.05109e+06 0.967549 185.858 24756.4 12438.4 0.191256
9.3565e+06 0.983176 185.516 24156.7 12266.9 0.192366
8.58961e+06 0.996899 184.735 25578.2 12676.8 0.194701
8.92277e+06 0.998385 184.26 24846.6 12464.2 0.194424
SDBR
7.92319e+06 0.00130013 264.477 24558.2 7587.09 0.0960678
8.93918e+06 0.160146 177.315 24276 13115.6 0.212917
9.11357e+06 0.383306 164.573 24402.4 14236.8 0.239757
9.23127e+06 0.526611 162.996 24671 14632.5 0.248274
9.6422e+06 0.60859 163.222 24584.8 14773.2 0.24879
1.01849e+07 0.790468 162.237 24372 14956.1 0.255886
1.02801e+07 0.957688 162.145 24354.4 15218.6 0.260832
1.03716e+07 0.978444 160.471 24705.2 15446.9 0.266277
1.02946e+07 0.995743 161.244 24949 15566.2 0.264657
1.10055e+07 0.997725 161.304 24372.1 15588.8 0.261403
