7.74939e+06 0.0195595 263.406 24330.6 6809.68 0.108532
8.59659e+06 0.292637 204.33 24178.4 9987.9 0.183733
8.36179e+06 0.522473 195.241 24513.9 10509.7 0.199519
8.45936e+06 0.635219 192.547 24216.5 10566.5 0.204329
8.45173e+06 0.703028 190.939 24179.9 10633.1 0.208928
8.4145e+06 0.853209 191.069 24439.6 10820.6 0.208906
8.34465e+06 0.970576 189.033 24451.9 10869.1 0.212486
8.27021e+06 0.985398 188.783 24571.1 10878.9 0.214596
8.46361e+06 0.997002 188.269 24153.9 10827.8 0.212034
8.42688e+06 0.998523 190.266 24470.8 10938.7 0.210025
7.65884e+06 0.0171902 260.142 24923.6 7210.39 0.101321
8.26317e+06 0.29491 195.172 24416.2 10439.1 0.177996
8.07211e+06 0.518747 186.432 24911 11059.7 0.190725
8.34161e+06 0.624641 184.901 24307.9 11012.5 0.19382
8.11371e+06 0.704325 183.386 24767.1 11216.2 0.197044
8.17803e+06 0.849783 181.605 24611.8 11302.8 0.200058
8.36804e+06 0.96935 182.072 24263.8 11272.1 0.198433
8.52514e+06 0.984409 182.274 24125.2 11306.7 0.195976
7.96035e+06 0.997059 180.433 25057.1 11461.3 0.19883
8.46026e+06 0.998449 181.89 24166.6 11274.3 0.199708
7.83005e+06 0.00199588 261.002 24236.6 7106.62 0.101
7.54218e+06 0.264893 171.386 25286.7 12228.1 0.225691
7.86654e+06 0.468423 164.813 24797.6 12771 0.243118
8.36415e+06 0.574098 163.634 24252 12952.1 0.248127
8.41919e+06 0.655833 163.239 24390.9 13155.6 0.24841
8.65064e+06 0.821291 161.976 24561.7 13466.7 0.257625
9.10429e+06 0.962603 162.455 24434.5 13763.3 0.260323
9.16514e+06 0.981258 163.075 24387.1 13730.5 0.259813
9.15284e+06 0.996266 163.505 24482.5 13785.9 0.259222
8.90806e+06 0.998177 162.969 24824.5 13879.4 0.260112
