7.37228e+06 0.0111466 248.083 24421.8 7127.91 0.122859
7.48809e+06 0.277015 173.496 24862.6 10988.4 0.230283
7.41035e+06 0.499066 164.532 24914.5 11602.2 0.24743
7.72068e+06 0.603816 162.808 24178.4 11542.9 0.251381
7.78517e+06 0.67789 161.461 24070.5 11629 0.253438
7.72299e+06 0.839493 160.344 24230.4 11792.7 0.256306
7.74445e+06 0.967681 159.748 24255.1 11909.4 0.254894
7.78257e+06 0.983714 159.391 24183.9 11898.4 0.25492
6.77364e+06 0.997164 159.267 24889.1 12081.3 0.258147
7.48256e+06 0.998423 158.16 24694.8 12040.2 0.261256
7.22491e+06 0.0101596 244.763 24638.6 7343.15 0.114269
7.48849e+06 0.257398 168.724 24544.3 11074.8 0.209495
7.49431e+06 0.47237 158.398 24341.9 11663.2 0.224315
7.32685e+06 0.606997 155.688 24773 12033.5 0.229659
7.37393e+06 0.680733 154.202 24500.6 12005.5 0.235801
7.40678e+06 0.838447 152.808 24534.8 12175.9 0.236327
7.40618e+06 0.96749 151.651 24499.9 12219.1 0.239142
7.64207e+06 0.983341 152.826 24132.4 12140.5 0.238856
7.27832e+06 0.996791 151.21 24797.4 12341.3 0.238896
7.31933e+06 0.998392 151.787 24744.3 12305.3 0.241513
7.26338e+06 0.000839659 244.164 24332.9 7349.13 0.115941
6.98856e+06 0.181307 141.978 24677.6 13263.3 0.26896
7.05988e+06 0.405496 131.663 24778.8 14238.5 0.295164
7.58991e+06 0.52032 131.936 24271.9 14302 0.296278
7.6693e+06 0.610811 131.644 24455.2 14526.2 0.298431
7.84117e+06 0.800527 131.088 24891.7 15006.1 0.300806
8.40389e+06 0.95729 131.1 24419.6 15154.3 0.301686
8.58782e+06 0.978138 130.992 24308.9 15169.6 0.305034
8.7005e+06 0.995542 130.169 24119.4 15154.3 0.305341
8.30827e+06 0.997884 130.895 24832.5 15383.9 0.30342
7.74765e+06 0.83992 161.101 24406.7 11933.8 0.250957
5.70832e+06 0.857724 134.31 24441.3 10329 0.366321
4.4181e+06 0.871317 114.364 24542.6 9012.2 0.456073
3.66728e+06 0.879743 101.424 24662.3 8073.52 0.517036
2.18588e+06 0.892923 68.1575 24163 5461.48 0.674753
1.14819e+06 0.90624 40.7317 24611.8 3339.21 0.80535
914806 0.911595 34.4443 25484.7 2922.98 0.834482
7.65314e+06 0.833971 153.678 24133.4 12088 0.234438
5.33817e+06 0.859494 126.527 25005.1 10788.8 0.334676
4.35253e+06 0.864794 107.097 24114.4 9358.58 0.420561
3.39827e+06 0.876478 91.9769 24695.2 8461.11 0.494303
1.86413e+06 0.895655 59.5377 24799.3 5969.88 0.670521
951058 0.907739 34.4674 25444.8 3728.46 0.811075
832548 0.907651 29.9434 24744.4 3171.03 0.837613
8.10092e+06 0.795147 131.86 24558.7 14948.8 0.297757
5.73767e+06 0.825479 109.564 24800.7 13477.9 0.412103
4.49943e+06 0.840809 93.9986 24299.5 11902.7 0.493304
3.5465e+06 0.856474 82.5957 24729.5 10926.2 0.555568
1.92491e+06 0.882933 54.8517 24830.6 7868.62 0.704129
971832 0.900014 32.3879 24713.5 4859.51 0.825302
814988 0.901229 27.4703 24135.2 4095.23 0.850209
