Static
7.70285e+06 0.0163733 260.1 25083.7 7428.47 0.10704
8.5114e+06 0.27761 196.932 24366.3 10838 0.197455
8.51441e+06 0.494484 186.961 24838 11665.9 0.21686
8.79034e+06 0.603235 183.714 24194.3 11657.3 0.223207
8.63457e+06 0.684418 182.769 24561.5 11866.1 0.224711
8.75473e+06 0.83913 182.166 24414.9 11937.3 0.231237
8.77667e+06 0.967481 179.82 24293.4 12001.5 0.235002
8.65605e+06 0.983996 180.391 24631.1 12130.1 0.234073
8.54074e+06 0.996833 179.824 24787.3 12157 0.235204
8.89352e+06 0.998347 179.388 24007.7 11907 0.231075
DBR
7.73838e+06 0.0145429 261.326 24843.3 7410.2 0.0972916
8.66808e+06 0.267127 197.433 24726.1 11100.5 0.179437
8.71781e+06 0.480411 187.206 24558 11717.7 0.194189
8.61357e+06 0.606473 182.421 24592.5 11927.9 0.204456
8.83272e+06 0.675829 181.957 24257.4 11904.3 0.204417
8.94079e+06 0.835656 181.164 24194.4 12046.7 0.205625
8.90044e+06 0.967033 179.847 24261.1 12150.1 0.206066
8.80397e+06 0.983625 179.179 24378.2 12169.6 0.211377
8.96308e+06 0.996673 179.632 24094.4 12107.2 0.20881
8.58916e+06 0.998407 179.697 24922.1 12382.2 0.208795
SDBR
7.94238e+06 0.0019982 265.055 24084.5 7149.9 0.0939096
8.78249e+06 0.165637 174.446 23911.2 12650.9 0.22602
8.69603e+06 0.3958 160.139 24395.4 14069.4 0.264516
9.01675e+06 0.521224 157.371 24361.5 14373.7 0.274801
9.00327e+06 0.614255 155.712 24704.1 14685.6 0.283829
9.48487e+06 0.795348 154.155 24637.5 15033.6 0.292517
1.00888e+07 0.956283 153.994 24368.3 15246.8 0.296044
1.01628e+07 0.978055 154.307 24397.7 15304.3 0.295258
9.83241e+06 0.995734 153.737 24924.3 15562.4 0.298705
1.04832e+07 0.997709 152.547 24251.9 15524.7 0.30148
QEDF
7.32703e+06 0.0100898 248.155 24447.7 7377.57 0.0640114
7.9227e+06 0.266138 179.275 24553.9 11025.2 0.151178
7.85278e+06 0.484945 169.621 24738.5 11792.2 0.177467
7.94145e+06 0.604234 167.531 24572.3 11918.9 0.180727
7.97196e+06 0.679914 166.433 24499.5 11975 0.1861
7.9232e+06 0.841713 166.552 24831.4 12232.9 0.187316
8.02217e+06 0.967692 165.511 24579 12208.3 0.195445
8.08987e+06 0.983624 164.669 24359.7 12148.4 0.196507
8.10517e+06 0.996726 165.058 24361.5 12146.6 0.19444
8.04574e+06 0.998381 165.762 24342.6 12147.1 0.191582
QSSF
7.38626e+06 0.0107635 249.637 24144.9 7282.65 0.0651616
7.94339e+06 0.265119 179.075 24504.3 11029.6 0.152464
7.88757e+06 0.486113 170.476 24781.8 11817 0.173079
7.96697e+06 0.608138 168.218 24610.2 11953.8 0.179832
8.08418e+06 0.679136 167.534 24335.3 11921 0.184917
8.06521e+06 0.837567 165.349 24328.9 12031 0.190254
7.96079e+06 0.967882 165.299 24729.8 12280.5 0.194581
8.04427e+06 0.983798 165.684 24605.2 12249.5 0.195914
8.03636e+06 0.996769 165.914 24405.1 12169.1 0.19258
8.07531e+06 0.998367 164.792 24329.2 12102.6 0.194804
IDBR
7.95153e+06 0.00313749 263.435 24250.6 7239.16 0.0970713
9.15613e+06 0.163626 182.746 24183.2 12218.7 0.206774
9.87324e+06 0.363632 172.842 24395.5 13432.4 0.223605
1.04198e+07 0.48421 168.379 25030.3 14476.6 0.233376
1.14226e+07 0.545042 167.433 24955.9 15091.2 0.238574
1.36045e+07 0.711962 157.832 24548.6 16388.9 0.262796
1.90964e+07 0.910906 143.006 24543.8 18988.6 0.310443
2.17e+07 0.948188 139.577 24455 19628.9 0.320004
2.71356e+07 0.986593 135.028 24495.1 20685.2 0.333499
2.99127e+07 0.992523 133.419 24217.7 20773.6 0.338226


