100000,3,4,2,4,10,5.000000,7.500000,10.000000,0.000011,0.7644,0.7626,0.241654%,0.000021,0.2352,0.2371,0.787118%,0.000037,0.0004,0.0003,7.001345%,1.483213
100000,3,4,2,4,10,5.000000,7.500000,10.000000,0.000024,0.7631,0.7626,0.071175%,0.000019,0.2366,0.2371,0.205101%,0.000034,0.0003,0.0003,16.776732%,1.483734
100000,3,4,2,4,10,5.000000,7.500000,10.000000,0.000013,0.7616,0.7626,0.120286%,0.000023,0.2381,0.2371,0.402222%,0.000046,0.0003,0.0003,10.832212%,1.485050
100000,3,3,2,4,10,5.000000,7.500000,10.000000,0.000022,0.7371,0.7354,0.224187%,0.000012,0.2615,0.2633,0.680212%,0.000035,0.0014,0.0012,11.503871%,1.084854
100000,3,3,1,4,10,5.000000,7.500000,10.000000,0.000001,0.9607,0.9602,0.050927%,0.000019,0.0393,0.0398,1.252841%,0.000029,0.0001,0.0001,15.220659%,0.587158
100000,3,1,2,4,10,5.000000,7.500000,10.000000,0.000006,0.6534,0.6528,0.098842%,0.000005,0.3268,0.3265,0.087101%,0.000008,0.0198,0.0207,4.493248%,0.305088
100000,3,2,2,4,10,5.000000,7.500000,10.000000,0.000008,0.7027,0.7013,0.200768%,0.000006,0.2926,0.2939,0.445844%,0.000012,0.0047,0.0048,2.032050%,0.689689
100000,3,2,2,4,15,5.000000,7.500000,10.000000,0.000003,0.7027,0.7037,0.148076%,0.000009,0.2973,0.2963,0.344733%,0.000032,0.0001,0.0000,70.547309%,0.690357
100000,5,2,2,4,10,5,15,5.000000,7.500000,17.500000,7.500000,10.000000,0.000004,0.6097,0.6081,0.261876%,0.000005,0.2209,0.2207,0.060511%,0.000012,0.0962,0.0958,0.403875%,0.000015,0.0732,0.0754,2.802653%,0.000017,0.0000,0.0000,100.000000%,0.652865
100000,5,3,2,4,10,5,15,5.000000,7.500000,17.500000,7.500000,10.000000,0.000017,0.6556,0.6573,0.250932%,0.000014,0.2072,0.2058,0.663437%,0.000017,0.0825,0.0827,0.176961%,0.000019,0.0547,0.0542,0.793261%,0.000034,0.0000,0.0000,100.000000%,1.050421
100000,5,4,2,4,10,5,15,5.000000,7.500000,17.500000,7.500000,10.000000,0.000006,0.6974,0.6972,0.039186%,0.000027,0.1907,0.1916,0.464585%,0.000025,0.0711,0.0712,0.176100%,0.000030,0.0408,0.0400,1.853833%,0.000056,0.0000,0.0000,100.000000%,1.453239
1000000,5,4,2,4,10,5,15,5.000000,7.500000,17.500000,7.500000,10.000000,0.000001,0.6969,0.6972,0.038989%,0.000002,0.1912,0.1916,0.168072%,0.000002,0.0715,0.0712,0.341828%,0.000002,0.0404,0.0400,0.874757%,0.000006,0.0000,0.0000,100.000000%,1.453153
1000000,5,2,2,4,10,5,15,5.000000,7.500000,17.500000,7.500000,10.000000,0.000001,0.6079,0.6081,0.038569%,0.000001,0.2204,0.2207,0.139719%,0.000001,0.0963,0.0958,0.492608%,0.000002,0.0754,0.0754,0.092700%,0.000004,0.0000,0.0000,155.358085%,0.652494
