100000,4,3,300.000000,250.000000,2,4,5,15,5.000000,7.500000,7.500000,10.000000,AP0,0.6954,0.6970,0.223180%,AP1,0.2366,0.2351,0.629761%,AP3,0.0680,0.0679,0.110706%,AP4,0.0000,0.0000,100.000000%,1.066313
100000,5,3,350.000000,250.000000,2,4,10,5,15,5.000000,7.500000,17.500000,7.500000,10.000000,AP0,0.6562,0.6573,0.164210%,AP1,0.2063,0.2058,0.216433%,AP2,0.0827,0.0827,0.007626%,AP3,0.0549,0.0542,1.180502%,AP4,0.0000,0.0000,100.000000%,1.049875
100000,5,3,350.000000,250.000000,2,4,5,10,15,2.812500,3.437500,2.812500,4.062500,4.062500,AP0,0.8446,0.8459,0.158967%,AP1,0.1450,0.1435,1.082564%,AP2,0.0103,0.0105,1.970459%,AP3,0.0001,0.0001,2.173783%,AP4,0.0000,0.0000,100.000000%,2.022281
100000,3,3,60.000000,250.000000,4,10,15,3.437500,4.062500,4.062500,AP1,0.9898,0.9900,0.023785%,AP3,0.0102,0.0100,2.352563%,AP4,0.0000,0.0000,1.668290%,3.482013
100000,3,3,60.000000,250.000000,4,10,15,4.375000,5.000000,5.000000,AP1,0.9927,0.9925,0.020342%,AP3,0.0073,0.0075,2.656010%,AP4,0.0000,0.0000,19.587609%,2.739303
100000,4,3,100.000000,250.000000,4,5,10,15,4.375000,3.750000,5.000000,5.000000,AP1,0.8346,0.8352,0.073766%,AP2,0.1622,0.1617,0.261321%,AP3,0.0032,0.0030,6.482002%,AP4,0.0000,0.0000,100.000000%,2.635076
100000,5,3,120.000000,250.000000,2,4,5,10,15,3.750000,4.375000,3.750000,5.000000,5.000000,AP0,0.8650,0.8659,0.101411%,AP1,0.1226,0.1226,0.068587%,AP2,0.0123,0.0115,6.930861%,AP3,0.0000,0.0000,22.460298%,AP4,0.0000,0.0000,100.000000%,1.528874
100000,5,3,120.000000,250.000000,2,4,5,10,15,3.750000,4.375000,3.750000,5.000000,5.000000,AP0,0.8648,0.8659,0.126819%,AP1,0.1234,0.1226,0.696872%,AP2,0.0118,0.0115,2.164899%,AP3,0.0000,0.0000,22.460298%,AP4,0.0000,0.0000,100.000000%,1.532830
100000,5,3,120.000000,250.000000,2,4,5,10,15,3.750000,4.375000,3.750000,5.000000,5.000000,AP0,0.8633,0.8659,0.298899%,AP1,0.1249,0.1226,1.928962%,AP2,0.0118,0.0115,2.078245%,AP3,0.0000,0.0000,61.230149%,AP4,0.0000,0.0000,100.000000%,1.527772
100000,5,3,120.000000,250.000000,2,4,5,10,15,3.750000,4.375000,3.750000,5.000000,5.000000,AP0,0.8639,0.8659,0.231914%,AP1,0.1241,0.1226,1.300678%,AP2,0.0119,0.0115,3.464707%,AP3,0.0000,0.0000,55.079404%,AP4,0.0000,0.0000,100.000000%,1.527997
100000,3,3,120.000000,250.000000,4,10,15,4.375000,5.000000,5.000000,AP1,0.9930,0.9925,0.050569%,AP3,0.0070,0.0075,6.517810%,AP4,0.0000,0.0000,100.000000%,2.737174
100000,5,3,120.000000,250.000000,2,4,5,10,15,3.750000,4.375000,3.750000,5.000000,5.000000,AP0,0.8654,0.8659,0.052905%,AP1,0.1231,0.1226,0.468405%,AP2,0.0114,0.0115,1.214602%,AP3,0.0001,0.0000,93.849255%,AP4,0.0000,0.0000,100.000000%,1.530156
100000,5,3,120.000000,250.000000,2,4,5,10,15,3.750000,4.375000,3.750000,5.000000,5.000000,AP0,0.8665,0.8659,0.068359%,AP1,0.1222,0.1226,0.257794%,AP2,0.0112,0.0115,2.514409%,AP3,0.0000,0.0000,55.079404%,AP4,0.0000,0.0000,100.000000%,1.527523
100000,5,3,120.000000,250.000000,2,4,5,10,15,3.750000,4.375000,3.750000,5.000000,5.000000,AP0,0.8658,0.8659,0.009019%,AP1,0.1228,0.1226,0.190980%,AP2,0.0114,0.0115,1.301255%,AP3,0.0000,0.0000,22.460298%,AP4,0.0000,0.0000,100.000000%,1.529314
100000,3,3,60.000000,250.000000,4,10,15,4.375000,5.000000,5.000000,AP1,0.9926,0.9925,0.016311%,AP3,0.0073,0.0075,2.123348%,AP4,0.0000,0.0000,19.587609%,2.741353
100000,3,3,60.000000,250.000000,4,10,15,3.125000,3.750000,3.750000,AP1,0.9882,0.9886,0.047640%,AP3,0.0118,0.0113,4.187648%,AP4,0.0000,0.0000,17.030241%,3.833074
100000,4,3,100.000000,250.000000,4,5,10,15,3.125000,2.500000,3.750000,3.750000,AP1,0.8733,0.8728,0.064870%,AP2,0.1208,0.1213,0.357797%,AP3,0.0058,0.0060,2.309170%,AP4,0.0000,0.0000,113.758897%,3.726171
100000,5,3,120.000000,250.000000,2,4,5,10,15,2.500000,3.125000,2.500000,3.750000,3.750000,AP0,0.8374,0.8355,0.221440%,AP1,0.1525,0.1544,1.231185%,AP2,0.0100,0.0100,0.308334%,AP3,0.0001,0.0001,21.775901%,AP4,0.0000,0.0000,100.000000%,2.263640
100000,3,3,120.000000,250.000000,4,10,15,3.125000,3.750000,3.750000,AP1,0.9879,0.9886,0.073939%,AP3,0.0121,0.0113,6.479424%,AP4,0.0000,0.0000,17.030241%,3.838625
100000,5,3,120.000000,250.000000,2,4,5,10,15,2.500000,3.125000,2.500000,3.750000,3.750000,AP0,0.8344,0.8355,0.128047%,AP1,0.1559,0.1544,1.010028%,AP2,0.0095,0.0100,4.781940%,AP3,0.0001,0.0001,11.435708%,AP4,0.0000,0.0000,100.000000%,2.266589
100000,5,3,120.000000,250.000000,2,4,5,10,15,2.500000,3.125000,2.500000,3.750000,3.750000,AP0,0.8350,0.8355,0.055038%,AP1,0.1543,0.1544,0.071714%,AP2,0.0106,0.0100,5.498417%,AP3,0.0001,0.0001,21.775901%,AP4,0.0000,0.0000,100.000000%,2.270298
