8.00522e+06 0.00328315 266.352 23846.4 6911.27 0.100982
7.83664e+06 0.288077 183.425 25107.2 11928.9 0.205505
8.11956e+06 0.499845 180.318 24557.4 13240 0.209199
8.53014e+06 0.603449 180.482 24917 14049.1 0.209339
9.15823e+06 0.660993 180.682 24457.8 14238.4 0.211672
1.04011e+07 0.806448 178.845 24812.2 15283.4 0.220696
1.42871e+07 0.946365 177.817 24272.8 16837.1 0.22658
1.55437e+07 0.970914 178.468 24278 17406.2 0.227843
1.66938e+07 0.993752 178.238 24586 18204.2 0.228369
1.75283e+07 0.996731 178.808 24440.3 18326.7 0.226923
