7.77848e+06 0.00746818 262.467 24781.8 7185.25 0.104704
8.37332e+06 0.26563 187.776 24377.3 11437 0.19342
7.84649e+06 0.522352 182.277 25371.2 13154.7 0.198574
8.70044e+06 0.600921 182.323 24488.7 13647.3 0.195034
9.06383e+06 0.663742 180.21 24653.2 14194.3 0.200732
1.05897e+07 0.799022 175.608 24556.8 15367.3 0.213671
1.42742e+07 0.944455 171.518 24422.5 17342.5 0.225082
1.57029e+07 0.969301 170.497 24370.8 17889.3 0.229346
1.75558e+07 0.993127 170.426 24585.3 18790.4 0.230577
1.83219e+07 0.996408 170.146 24467.8 18906 0.230879
