7.95153e+06 0.00313749 263.435 24250.6 7239.16 0.0970713
9.15613e+06 0.163626 182.746 24183.2 12218.7 0.206774
9.87324e+06 0.363632 172.842 24395.5 13432.4 0.223605
1.04198e+07 0.48421 168.379 25030.3 14476.6 0.233376
1.14226e+07 0.545042 167.433 24955.9 15091.2 0.238574
1.36045e+07 0.711962 157.832 24548.6 16388.9 0.262796
1.90964e+07 0.910906 143.006 24543.8 18988.6 0.310443
2.17e+07 0.948188 139.577 24455 19628.9 0.320004
2.71356e+07 0.986593 135.028 24495.1 20685.2 0.333499
7.90404e+06 0.00177175 264.712 24484.8 7198.97 0.0985967
9.05358e+06 0.167926 181.978 24228.5 12204.5 0.209785
9.97017e+06 0.361955 173.042 24243.4 13360.3 0.224829
1.0725e+07 0.475441 169.252 24435.8 14182.4 0.232755
1.12445e+07 0.54987 166.581 25014.8 15137.2 0.240719
1.36369e+07 0.71245 157.889 24478.8 16330.6 0.263622
1.86633e+07 0.912618 142.605 24754.2 19120.3 0.311353
2.1168e+07 0.949172 138.791 24752.3 19829.9 0.322417
2.71376e+07 0.986523 134.282 24411 20620.4 0.33569
2.99127e+07 0.992523 133.419 24217.7 20773.6 0.338226
