7.63749e+06 0 255.076 8236.93 1709.28 0.00303921
1.44026e+07 0 240.56 8072.55 2175.52 0.00442618
2.03249e+07 0 226.19 8135.39 2852.77 0.00917002
2.54345e+07 0.00107034 211.278 8158.2 3609.89 0.0142045
2.95203e+07 0.00959605 198.505 8256.41 4425.47 0.0218071
4.0275e+07 0.22914 174.488 8080.2 5730.47 0.0449922
4.65528e+07 0.814146 166.965 8177.73 6056.38 0.0703434
4.74954e+07 0.904386 165.795 8102.14 6019.02 0.0744092
4.80214e+07 0.980616 165.097 8135.66 6075.25 0.0770421
4.76589e+07 0.990365 164.89 8191.02 6116.25 0.0780217
