1.20195e+07 0.00263588 402.111 24585.2 7415.77 0.072296
1.1022e+07 0.218167 234.98 24437.7 12096.7 0.201936
1.07073e+07 0.444171 215.534 24423.7 12943.4 0.241455
1.0917e+07 0.567856 210.225 24438.3 13309.3 0.255305
1.11205e+07 0.647146 209.575 24451.7 13478.2 0.257472
1.14568e+07 0.816509 208.072 24540.1 13928.3 0.266917
1.17796e+07 0.962094 207.559 24707.5 14174.2 0.272127
1.21085e+07 0.980362 205.543 24310.7 14161.4 0.27503
1.18368e+07 0.996177 206.586 24717.1 14252.9 0.272405
1.2346e+07 0.998025 208.527 24129.8 14022.3 0.269162
