-- SDBR
1.20195e+07 0.00263588 402.111 24585.2 7415.77 0.072296
1.1022e+07 0.218167 234.98 24437.7 12096.7 0.201936
1.07073e+07 0.444171 215.534 24423.7 12943.4 0.241455
1.0917e+07 0.567856 210.225 24438.3 13309.3 0.255305
1.11205e+07 0.647146 209.575 24451.7 13478.2 0.257472
1.14568e+07 0.816509 208.072 24540.1 13928.3 0.266917
1.17796e+07 0.962094 207.559 24707.5 14174.2 0.272127
1.21085e+07 0.980362 205.543 24310.7 14161.4 0.27503
1.18368e+07 0.996177 206.586 24717.1 14252.9 0.272405
1.2346e+07 0.998025 208.527 24129.8 14022.3 0.269162
-- IDBR
1.20282e+07 0.00541755 399.543 24481 7316.24 0.0765654
1.11022e+07 0.245759 246.782 24501.2 11768.8 0.185316
1.1469e+07 0.4625 236.372 24409.8 13057.8 0.19979
1.16545e+07 0.576547 230.983 24501.7 14029.3 0.207131
1.15275e+07 0.659063 225.546 25008.4 14790.8 0.218494
1.37413e+07 0.788914 216.113 24315.5 15908.7 0.236899
1.93127e+07 0.936531 202.879 24298.4 18190.7 0.263139
2.21389e+07 0.962971 199.634 24312.4 18921.4 0.269403
2.59774e+07 0.991203 197.101 24202.8 19658.5 0.274574
2.56747e+07 0.995636 196.312 24445.9 19874.4 0.275796