--- SDBR
3.09761e+06 0.0384463 106.323 24685.5 5778.64 0.240887
2.99377e+06 0.386851 81.3789 24302.3 8523.21 0.482141
2.95839e+06 0.579233 78.1546 24637.8 9346.8 0.515309
3.07019e+06 0.67079 78.0227 24512.9 9687.16 0.520788
3.1137e+06 0.73236 77.8775 24545.7 9869.5 0.524011
3.26371e+06 0.860475 77.9356 24329.4 10178.5 0.526184
3.43617e+06 0.970677 78.1677 24356.6 10742.1 0.528538
3.36099e+06 0.985524 77.4798 24183.9 10378.8 0.5327
3.40462e+06 0.997101 78.3284 24362.3 10569.3 0.528758
3.20277e+06 0.99863 77.9643 25341.5 10774.5 0.530623
--- IDBR
3.21158e+06 0.0280856 110.622 24048 5291.2 0.205807
2.98278e+06 0.42188 85.9194 24268.2 8655.9 0.39417
2.864e+06 0.623854 84.4712 24813.2 10724.6 0.37782
3.08742e+06 0.700494 85.7736 24427.6 11597.8 0.377386
3.24841e+06 0.740979 83.4016 24129.5 12031.6 0.389509
3.68888e+06 0.849296 81.663 24696 13656.2 0.417759
5.14011e+06 0.957074 79.9221 24420.1 16044.9 0.442423
5.81316e+06 0.975589 79.5039 24233.8 16653 0.447386
6.04596e+06 0.994843 78.2466 24540.7 17596 0.453564
7.01205e+06 0.99702 78.5233 24192.6 17590.4 0.454406