Static
8.74655e+06 0.839818 182.22 24573.7 12086.3 0.224708
6.72215e+06 0.854396 154.029 24045.7 10299.9 0.312451
5.12984e+06 0.870402 131.838 24108.3 9015.59 0.380571
4.38998e+06 0.875774 118.252 24176.1 8018.7 0.430395
2.49907e+06 0.895428 79.4719 24641.9 5612.11 0.564142
1.41876e+06 0.903969 49.2145 24113.3 3329.2 0.668309
1.19988e+06 0.906609 42.7916 24235.1 2873.09 0.694009
DBR
8.9963e+06 0.835086 181.432 24122.5 12042.7 0.205788
6.45145e+06 0.858834 152.171 24938 10791.8 0.27262
5.24169e+06 0.867963 132.406 24625.2 9479.26 0.330125
4.255e+06 0.878185 116.317 24746.7 8504.83 0.378256
2.53218e+06 0.892454 78.5075 24530.6 5934.91 0.509797
1.4176e+06 0.902965 48.802 24255.2 3606.03 0.630164
1.16199e+06 0.906219 41.2639 24390 3090.5 0.664134
SDBR
9.86694e+06 0.790599 156.832 24331 14940 0.28237
7.01166e+06 0.819717 129.409 24551.4 13649 0.391901
5.30241e+06 0.837748 109.439 24592.2 12349.1 0.476069
4.32412e+06 0.850568 96.2885 24486 11288.5 0.538033
2.34567e+06 0.877072 63.5735 24514 8447.72 0.68076
1.25293e+06 0.893953 39.394 24236.8 5527.35 0.788681
968145 0.898064 31.7185 24323.2 4813.18 0.821741
QEDF
8.32653e+06 0.832964 166.291 23930.3 11955 0.18733
5.89311e+06 0.85895 139.297 24868.4 10691 0.260223
4.69189e+06 0.869129 119.554 24632.1 9352.34 0.320729
3.67724e+06 0.881857 103.695 25293.3 8461.24 0.378687
2.10879e+06 0.8962 67.8025 24971.9 5690.43 0.522378
1.20617e+06 0.904277 41.9756 24332.2 3459.47 0.644406
985872 0.90572 34.908 24186.3 2948.55 0.667092
QSSF
8.03605e+06 0.839916 167.226 24679.4 12237.1 0.189366
5.91833e+06 0.858659 139.547 24076.9 10476.3 0.257504
4.71313e+06 0.868067 119.532 24585 9381.76 0.31897
3.81643e+06 0.876901 103.942 24584.4 8277.93 0.378272
2.20854e+06 0.893732 69.4115 24565.2 5713.22 0.515557
1.17196e+06 0.905065 41.1431 24580.7 3524.42 0.644655
970936 0.910243 36.0755 24500.5 3005.46 0.667831
IDBR
1.38942e+07 0.708404 159.218 24408 16372.2 0.259302
1.08226e+07 0.730704 134.332 24452.2 15222.4 0.347429
8.85828e+06 0.746087 116.675 24407.3 14107.4 0.412326
7.22067e+06 0.76483 102.606 24853.3 13404.8 0.463914
4.96381e+06 0.779282 74.9594 24289.6 10776.3 0.57087
3.06764e+06 0.799994 51.2144 24452.5 8601.75 0.665748
2.71706e+06 0.806064 46.8047 24434.7 7919.19 0.681418

