8.7409e+06 3.30863e-05 289.214 24703.3 8867.75 0.0491679
1.25217e+07 0.0381466 216.23 24263.2 14307.8 0.126025
1.37589e+07 0.19026 189.011 24770.8 17092.8 0.162816
1.4724e+07 0.331294 183.549 24412.4 17431.7 0.173502
1.52692e+07 0.439468 182.412 25082.6 18321.8 0.176532
1.77376e+07 0.667222 178.643 24690.2 18803.2 0.183279
2.15121e+07 0.915903 170.537 24446.4 19708.5 0.208073
2.22713e+07 0.955687 167.673 24411.2 19902.9 0.214687
2.29264e+07 0.990817 166.429 24850.4 20497.5 0.221705
6.70438e+06 0.995289 164.642 24328.5 20078.1 0.222342
8.71954e+06 0.000166484 290.429 23989.5 8368.81 0.0454651
1.23434e+07 0.0376294 214.828 24542 14493.8 0.125816
1.38141e+07 0.193153 189.531 24614.6 16941.8 0.164257
1.47247e+07 0.33169 184.453 24626.7 17612.2 0.171216
1.53657e+07 0.438251 182.186 24864.3 18154 0.175715
1.78327e+07 0.666262 178.599 24443.1 18587.4 0.184881
2.12018e+07 0.916673 169.644 24613.4 19831.2 0.207941
2.2346e+07 0.955748 168.199 24436.7 19930.8 0.215724
2.33283e+07 0.990644 166.324 24608.9 20333.4 0.220993
2.34704e+07 0.995288 166.098 24319.6 20075 0.223009
