455369 0 15.0954 1601.08 132.457 0.0133594
885629 0 14.7703 1926.75 164.613 0.0157605
1.31747e+06 0 14.5588 1743.35 161.088 0.0177362
1.72792e+06 0 14.4044 2020.21 195.146 0.0205322
2.14406e+06 0 14.3619 1568.44 166.145 0.0200552
3.92946e+06 0.00322758 13.1312 1735.7 281.998 0.0421023
5.09588e+06 0.667196 10.2287 1818.6 638.069 0.12975
5.30776e+06 0.82598 10.1575 1776.78 632.398 0.132331
5.29926e+06 0.965045 10.1059 1730.23 623.229 0.134265
5.46302e+06 0.982004 10.1182 1719.13 621.562 0.134235
447307 0 14.9831 1809 144.573 0.0146379
881130 0 14.743 1721.91 150.522 0.0162467
1.30634e+06 0 14.5816 1970.55 181.376 0.0178037
1.73594e+06 0 14.4973 1670.92 168.57 0.0190743
2.14121e+06 1.99718e-05 14.2551 1756.79 193.249 0.0227819
3.90889e+06 0.00319594 13.1232 1741.59 292.647 0.0412946
5.30187e+06 0.661213 10.4327 1833.73 666.759 0.122444
5.24759e+06 0.831348 10.3649 1790.77 662.129 0.125146
5.14685e+06 0.966753 10.3224 1757.31 657.087 0.127249
5.21347e+06 0.983157 10.3154 1796.81 670.106 0.127745
436905 0 14.7289 2052.62 159.099 0.014867
891567 0 14.8766 1736.23 150.287 0.0157848
1.30995e+06 0 14.5777 1734.23 160.738 0.0174271
1.72297e+06 0 14.3661 1843.43 183.653 0.019144
2.12717e+06 0 14.2252 1807.08 195.601 0.0216872
3.90323e+06 0.000233759 13.0376 1788.17 302.741 0.0425041
4.95512e+06 0.638105 9.14305 1852.79 831.971 0.201666
5.53225e+06 0.794538 8.9712 1746.9 812.065 0.215194
5.59614e+06 0.957367 8.75356 1787.11 854.268 0.230115
5.56981e+06 0.978787 8.75361 1816.34 875.772 0.231836
444407 0 14.8249 1707.65 141.474 0.0146779
857727 0 14.2954 3590.63 278.916 0.0171167
1.303e+06 0 14.5256 1673.76 161.769 0.015618
1.7074e+06 0 14.2149 1717.84 177.455 0.0170839
2.09192e+06 4.02528e-05 14.0349 1690.45 188.27 0.018383
3.69354e+06 0.00859094 12.4103 1792.06 314.902 0.0305324
4.38234e+06 0.674304 8.96993 1867.04 643.464 0.0709781
4.41862e+06 0.833012 8.81356 1813.65 633.618 0.0731376
4.40213e+06 0.966437 8.74214 1831 644.672 0.0746754
4.24489e+06 0.983857 8.76575 1815.91 641.669 0.0755815
449330 0 15.1305 1885.25 161.175 0.0132673
879436 0 14.6117 2366.07 199.776 0.0161663
1.2986e+06 0 14.4284 1866.64 179.54 0.0161439
1.70187e+06 0 14.193 1828.35 191.775 0.0174966
2.09457e+06 4.018e-05 14.0273 1742.71 197.611 0.0189391
3.79019e+06 0.00493253 12.7031 1657.75 279.436 0.0275399
4.65979e+06 0.6528 8.96682 1757.38 605.639 0.0693631
4.16263e+06 0.844251 8.90081 1777.68 624.869 0.0737103
4.65231e+06 0.964349 8.69589 1726.91 609.804 0.0729419
4.47882e+06 0.982868 8.71224 1786.61 631.492 0.0739297
