Static
406562 0 13.5264 2673 194.293 0.0415544
748068 0 12.4711 4860.62 371.38 0.0619165
1.18071e+06 0 13.1508 1806.76 162.135 0.0498869
1.5159e+06 4.16663e-05 12.6331 1961.38 202.255 0.0604114
1.86058e+06 0 12.4263 1874.42 198.995 0.0649173
3.18978e+06 0.00440849 10.6923 1754.84 287.2 0.116913
3.1815e+06 0.656674 6.17435 1773.78 610.618 0.332559
3.09466e+06 0.830334 6.08737 1754.56 613.835 0.339581
3.16785e+06 0.965006 6.03694 1760.42 624.046 0.344735
3.05811e+06 0.983066 6.01965 1825.17 644.532 0.345909
DBR
405223 0 13.5608 1804.38 147.256 0.0417308
795983 0 13.357 1746.83 150.755 0.0445187
1.18926e+06 0 13.1322 1777.32 166.175 0.0492927
1.52735e+06 0 12.7336 1797.01 181.528 0.0550664
1.87156e+06 0 12.5225 1770.59 192.37 0.0606065
3.21037e+06 0.0041248 10.7407 1723.58 286.275 0.110647
3.27088e+06 0.653987 6.29822 1783.75 640.524 0.300529
3.18365e+06 0.829077 6.20574 1791.49 650.406 0.307242
3.03528e+06 0.967195 6.16882 1915.65 699.563 0.311073
3.16851e+06 0.982848 6.15635 1707.32 630.444 0.311161
SDBR
406951 0 13.5904 1802.85 140.859 0.0399412
804647 0 13.405 1669.66 148.168 0.0439143
1.17939e+06 0 13.1235 1842.84 170.189 0.0498503
1.51005e+06 0 12.5813 2131.51 207.984 0.0602963
1.89463e+06 1.32776e-05 12.5782 1715.64 184.12 0.0598693
3.17839e+06 0.000969483 10.5992 1759.19 299.712 0.116844
2.90834e+06 0.633956 5.30563 1889.43 832.947 0.428153
3.22627e+06 0.794955 5.24926 1772.66 812.81 0.44466
3.17426e+06 0.959183 5.18438 1736.3 822.754 0.46291
3.23428e+06 0.979169 5.17679 1700.5 807.134 0.463561
QEDF
409004 0 13.5598 1802.21 144.857 0.0386566
799477 0 13.2912 1815.27 158.521 0.0426759
1.16209e+06 0 12.9621 1708.89 164.403 0.0473381
1.52394e+06 0 12.6754 1599.38 164.549 0.0496057
1.80731e+06 0.000166955 12.0716 1870.76 225.42 0.0620709
2.8898e+06 0.00938318 9.69287 1861.45 334.052 0.11324
2.95037e+06 0.649851 5.61385 1745.01 605.156 0.300379
2.9037e+06 0.825509 5.54715 1764.26 621.872 0.311784
2.94151e+06 0.964475 5.52069 1743.22 617.474 0.317056
2.78895e+06 0.983225 5.5425 1842.39 652.952 0.318839
QSSF
403433 0 13.4779 2511.47 182.477 0.0399893
792325 0 13.2596 1806.28 156.372 0.0434273
1.06041e+06 0 11.7657 4154.68 355.198 0.0658182
1.48768e+06 0 12.4292 1992.14 200.913 0.0551582
1.78088e+06 2.00545e-05 11.9051 2088.93 230.019 0.0637213
2.84599e+06 0.0078721 9.5688 1916.48 344.014 0.115502
2.97732e+06 0.646272 5.61176 1731.47 600.591 0.300422
2.80755e+06 0.832189 5.57564 1822.62 639.731 0.311359
2.68863e+06 0.967633 5.54159 1843.28 651.859 0.319562
2.95132e+06 0.982196 5.52538 1742.03 619.404 0.317935
IDBR
410456 0 13.6732 1675.67 139.387 0.0386422
799323 0 13.3944 2016.97 172.476 0.0459314
1.09751e+06 0 12.1709 3893.52 338.543 0.0689105
1.52419e+06 0 12.784 1772.3 176.793 0.05581
1.8871e+06 0 12.578 1762.07 189.01 0.0591207
3.07539e+06 0.000878312 10.2797 1784.57 320.634 0.126279
3.68734e+06 0.595915 6.07857 1732.33 698.373 0.3262
3.5259e+06 0.798713 5.84704 1739.8 865.833 0.355336
5.16047e+06 0.933043 5.13857 1845.87 1149.12 0.433765
8.25526e+06 0.94488 4.99183 1772.13 1163.91 0.453672