M-offloading
464297 0 15.4001 1684.69 135.385 0.00683273
928750 0 15.4516 1968.13 164.978 0.00660489
1.36821e+06 0 15.2092 1698.61 156.983 0.0078369
1.81387e+06 0 15.1323 1728.27 170.636 0.0082675
2.22958e+06 0.00011382 14.9295 1750.07 185.956 0.00926738
4.23216e+06 0.00313462 14.1424 1706.39 275.962 0.0181952
6.43296e+06 0.651802 12.3194 1771.14 622.62 0.0576372
5.82081e+06 0.841579 12.236 1808.85 646.829 0.059414
5.78996e+06 0.968372 12.2059 1849.63 665.95 0.0606124
6.40927e+06 0.982484 12.1981 1784.1 644.702 0.0607899
IDBR
458311 0 15.3966 1722.19 143.977 0.00665166
918748 0 15.3035 1868.74 157.627 0.00647955
1.36562e+06 0 15.1183 1696.7 161.827 0.00774945
1.80736e+06 0 15.072 1673.85 168.796 0.00808072
2.20209e+06 0 14.7437 2098.4 230.078 0.00999612
4.14349e+06 0.0047541 13.8994 1962.98 346.297 0.0207074
6.55573e+06 0.647857 12.4229 1772.4 647.296 0.0554769
6.65879e+06 0.820633 12.379 1771.57 658.279 0.0570653
6.61983e+06 0.964315 12.364 1788.82 669.623 0.0583514
1.81016e+06 0.982204 12.3282 1801.78 676.872 0.0575696
SDBR
462535 0 15.5047 1594.88 134.036 0.00603379
925563 0 15.393 1690.66 147.83 0.00696835
1.36543e+06 0 15.1787 1847.49 169.388 0.00795936
1.7748e+06 0 14.8273 2650.56 261.706 0.00965764
2.23492e+06 0 14.8947 1771.95 193.119 0.00923038
4.19778e+06 0.000558955 14.0581 1767.94 305.774 0.0191559
6.48837e+06 0.623721 11.5059 1822.15 820.211 0.0949551
6.73225e+06 0.801253 11.2899 1841.46 853.944 0.104235
7.10141e+06 0.957588 11.1667 1768.93 847.721 0.110283
6.65722e+06 0.980106 11.1546 1809.9 870.379 0.111693
QEDF
460946 0 15.3756 1624.38 137.107 0.00573735
921225 0 15.3645 1721.18 153.386 0.00640448
1.35636e+06 0 15.1133 1919.22 185.501 0.00706438
1.78936e+06 3.34406e-05 14.9599 1668.3 174.752 0.00669671
2.20498e+06 6.66294e-05 14.6927 1752.58 200.49 0.00777622
4.00646e+06 0.0172963 13.5506 1910.52 343.753 0.0120812
5.98519e+06 0.650076 11.4074 1724.68 584.104 0.0182874
5.35769e+06 0.841959 11.313 1928.08 661.604 0.0200385
6.07747e+06 0.963947 11.2345 1699.4 592.621 0.0185187
5.58729e+06 0.983443 11.2546 1794.34 624.672 0.019827
QSSF
462137 0 15.4783 1654.04 141.595 0.00636367
919309 0 15.2068 1677.61 152.208 0.00630231
1.36003e+06 0 15.0368 1988.37 187.054 0.00650104
1.77469e+06 3.34445e-05 14.8389 1871.61 194.993 0.00760053
2.19886e+06 4.01647e-05 14.72 1763.29 201.891 0.00806004
4.00398e+06 0.01416 13.5544 1862.29 327.022 0.0115538
5.49684e+06 0.678475 11.4042 1836.59 622.681 0.0195601
5.57856e+06 0.835638 11.3147 1789.56 616.176 0.0196578
5.62594e+06 0.96677 11.2873 1820.15 632.459 0.0199525
5.58142e+06 0.98351 11.2792 1821.63 635.352 0.0196164
IDBR
454492 0 15.3482 1580.15 133.084 0.00624747
914972 0 15.3077 1563.79 137.693 0.00617346
1.36637e+06 0 15.1625 1735.89 161.331 0.00785663
1.81051e+06 0 15.1203 1765.97 177.154 0.00864373
2.2288e+06 0 14.8793 1656.41 176.764 0.00905255
4.10078e+06 0.00414185 13.7768 2047.18 395.791 0.0236815
7.3421e+06 0.590086 11.9559 1722.3 702.732 0.0624167
8.38473e+06 0.75947 11.6238 1832.46 873.059 0.0786994
1.1641e+07 0.928618 10.8726 1744.84 1027.12 0.121718
1.15923e+07 0.963673 10.6335 1815.58 1142.72 0.137127

