4.13858e+06 0.00875576 13.916 1916.13 338.047 0.0218429
4.15696e+06 0.00575173 13.941 1867.52 319.141 0.0207826
4.20797e+06 0.00317918 14.1123 1733.72 282.882 0.0182375
4.17321e+06 0.00471868 13.9927 1846.58 310.945 0.0203325
4.14693e+06 0.00609428 13.9332 1816.11 317.712 0.021305
3.99053e+06 0.0198275 13.5784 1943.71 400.277 0.0269491
3.71746e+06 0.0526992 13.0876 2085.28 524.219 0.0359028
4.14557e+06 0.00718835 13.9672 1858.04 321.903 0.0211484
4.1056e+06 0.0137607 13.8502 2007.82 382.107 0.0240698
4.18949e+06 0.00533914 14.0729 1774.12 300.991 0.019429
4.14787e+06 0.00739967 13.9539 1900.17 334.86 0.0214024
4.17443e+06 0.00576861 14.0491 1816.15 317.9 0.0198869
4.16855e+06 0.00497443 13.9774 1846.14 322.409 0.0198938
4.20041e+06 0.0041248 14.0759 1722.08 297.787 0.0187258
4.22605e+06 0.00288415 14.1479 1712.06 289.053 0.0176964
4.18226e+06 0.00306052 14.0474 1807.84 314.687 0.0185708
4.2046e+06 0.0029775 14.0927 1768.62 310.806 0.0179184
4.05724e+06 0.00837204 13.6634 2168.05 425.095 0.0236275
4.15027e+06 0.00403362 13.903 1921.96 344.92 0.0216604
4.18637e+06 0.0022315 13.9743 1877.55 326.118 0.0206925
4.14628e+06 0.00266631 13.8563 1856.74 344.706 0.0220228
4.19576e+06 0.0011389 14.0293 1785.05 308.989 0.0196642
4.17805e+06 0.00152776 13.9279 1872.32 340.571 0.0211182
4.24032e+06 0.000297234 14.1659 1716.44 289.148 0.0174688
4.20405e+06 0.000193395 14.0209 1807.62 314.354 0.0184997
4.25202e+06 0.000242938 14.1538 1664.03 285.235 0.017093
4.21019e+06 0.000183824 14.0742 1744.19 307.784 0.0187068
4.03395e+06 0.013813 13.6576 1802.91 318.654 0.0111964
3.91015e+06 0.0210519 13.3662 2044.02 377.704 0.0122137
4.02575e+06 0.014823 13.63 1808.14 322.523 0.0113252
4.04832e+06 0.0127403 13.6941 1752.83 303.983 0.0109835
4.05936e+06 0.0130366 13.6924 1743.42 303.744 0.0109286
4.05078e+06 0.0124072 13.6842 1732.12 302.06 0.0110398
3.99578e+06 0.0175676 13.5764 1879.36 339.281 0.0113211
3.9217e+06 0.0209382 13.3318 1920.38 361.794 0.0124184
3.95875e+06 0.0221816 13.5126 1904.17 357.917 0.0123051
4.03261e+06 0.0136345 13.6691 1794.27 314.824 0.0110977
4.02916e+06 0.0140606 13.6099 1746.14 316.177 0.0109138
3.97672e+06 0.0194512 13.5405 1896.41 349.747 0.0120228
4.054e+06 0.0119727 13.6955 1744.13 303.509 0.0108882
4.03463e+06 0.0155942 13.6775 1739.32 309.107 0.0110786
4.00809e+06 0.0149699 13.6239 1793.98 318.572 0.0110607
4.04873e+06 0.0132075 13.6808 1790.48 313.569 0.0111643
4.04052e+06 0.0158541 13.6749 1737.44 309.251 0.0113853
4.04591e+06 0.0129691 13.7014 1721.9 300.582 0.0108131
