7.87116e+06 0.00477612 262.346 24282.5 7049.38 0.101923
8.19882e+06 0.258061 185.343 24443.3 11568.9 0.197351
8.21839e+06 0.489608 179.621 24279.2 13118.9 0.20372
8.53841e+06 0.601787 178.437 24304 13901.6 0.20591
9.18738e+06 0.652444 176.541 24205.5 14354.2 0.208086
1.07095e+07 0.790461 170.795 24156.1 15671 0.223239
1.5866e+07 0.935667 164.273 24237.9 18058.8 0.239835
1.76104e+07 0.963977 162.984 24372.1 18835.2 0.242249
1.95614e+07 0.991889 160.902 24886.4 19958.4 0.248353
2.15172e+07 0.995539 160.859 24163.3 19688.3 0.24686
