7.97696e+06 0.00216811 266.681 24801.2 7514.77 0.0958478
9.33634e+06 0.167308 187.533 24574.8 12549.2 0.193552
1.01183e+07 0.373063 179.355 24617.1 13519.6 0.204662
1.13127e+07 0.469496 178.274 24356.1 14035.8 0.205084
1.21547e+07 0.54348 177.451 24435 14661.7 0.208465
1.40714e+07 0.720391 168.075 24091.4 15973.8 0.229429
1.90989e+07 0.917024 153.34 24889.2 18994.6 0.266666
2.25693e+07 0.950155 150.964 24254 19248.4 0.272614
2.80063e+07 0.987157 145.48 24287.5 20379.6 0.283887
3.05372e+07 0.992914 143.724 24378.4 20771.7 0.287023
