1.15855e+07 0 386.777 24160.3 802.548 0.00113507
2.26547e+07 6.63548e-05 375.837 24840.6 1128.74 0.00270414
3.2573e+07 0.0015594 363.384 24547.3 1633.19 0.00554452
4.04518e+07 0.0225257 345.261 24756.1 2602.66 0.0132977
4.49758e+07 0.084069 328.929 24357.2 3495.97 0.0214797
4.46461e+07 0.488921 291.207 24595.1 5631.87 0.0454166
5.02524e+07 0.869214 256.518 24426.6 9203.46 0.0888914
5.19146e+07 0.930602 249.618 24602 10223.1 0.0986075
5.6945e+07 0.984325 242.24 24327.6 11583.3 0.108675
5.73709e+07 0.99207 241.331 24557.3 12031.5 0.109979
