Static
362660 0.00638842 1.2189 1750.61 221.776 0.139518
593580 0.00651893 1.99436 1783.61 235.551 0.141212
991836 0.0269088 3.40803 1918 352.391 0.188895
3.09959e+06 0.00709052 10.436 1832.05 315.828 0.126549
3.77009e+06 0.00574078 12.6559 1825.7 311.966 0.116999
4.34175e+06 0.00333886 14.5597 1768.47 300.784 0.107172
5.45052e+06 0.00459853 18.2995 1851.95 335.099 0.102478
5.50526e+06 0.0070209 18.4131 1948.14 368.183 0.109744
DBR
362742 0.00808124 1.21918 1781 236.489 0.139102
594362 0.00595699 1.99656 1761.85 238.483 0.136822
1.10696e+06 0.0124994 3.74242 1885.88 299.626 0.146105
3.17459e+06 0.0029867 10.6138 1770.42 295.703 0.114366
3.87021e+06 0.00276675 12.9058 1744.77 298.707 0.106222
4.31296e+06 0.00273974 14.4498 1791.14 315.624 0.105512
5.43099e+06 0.00481243 18.1751 1852.84 349.857 0.100574
6.02752e+06 0.00184639 20.1259 1684.64 302.579 0.088577
SDBR
342104 0.00343785 1.14579 1808.93 275.569 0.164746
593771 0.00164542 1.98505 1775.96 250.487 0.143363
1.14315e+06 0.00103656 3.81407 1801.12 266.147 0.135267
3.20006e+06 0.00064712 10.6266 1757.91 298.509 0.115718
3.88833e+06 0.000319052 12.927 1714.17 293.566 0.105655
4.20449e+06 0.000620416 14.0331 1885.48 340.773 0.111994
5.58505e+06 0.00114505 18.6664 1763.83 331.36 0.0973383
5.80024e+06 0.000559564 19.3299 1791.75 340.167 0.0970753
QEDF
332304 0.00779409 1.11651 1741.45 231.015 0.118221
560148 0.00676787 1.88582 1731.16 233.01 0.112833
1.05381e+06 0.00792098 3.52935 1812.1 271.869 0.118669
2.93907e+06 0.00686622 9.85443 1816.23 315.103 0.107088
3.50241e+06 0.00787018 11.7878 1861.4 332.286 0.10526
4.14265e+06 0.00391117 13.832 1727.76 304.827 0.09344
5.32261e+06 0.00417519 17.8388 1782.12 326.034 0.0861643
5.80848e+06 0.00266065 19.3938 1658.12 297.375 0.0782132
QSSF
340285 0.00656144 1.13915 1682.76 216.907 0.109585
539522 0.00946613 1.81363 1828.98 262.091 0.123907
1.03082e+06 0.0100027 3.47984 1863.87 285.869 0.123112
2.91677e+06 0.00624618 9.80383 1836.35 317.63 0.109242
3.59528e+06 0.00588131 12.0716 1769.83 310.256 0.0991274
4.13049e+06 0.00525883 13.8119 1748.01 307.581 0.0941442
4.76135e+06 0.0128645 16.1049 2048.92 411.884 0.107507
5.11518e+06 0.00961417 17.2236 2003.97 391.166 0.100381
IDBR
349437 0.00243541 1.16228 1925.17 281.451 0.157913
619742 0.000955174 2.07178 1674.83 212.038 0.124696
1.13848e+06 0.00177408 3.79623 1824.83 274.813 0.137657
3.26004e+06 0.00070796 10.8945 1711.71 276.802 0.106394
3.92099e+06 0.000227105 13.0983 1719.18 290.361 0.102699
4.23669e+06 0.00165548 14.1356 1877.82 351.402 0.114468
5.67845e+06 0.000593806 18.9545 1761.89 317.223 0.0934332
5.9582e+06 0.000434013 19.9005 1754.6 314.716 0.091012
