3.59418e+06 0.909166 132.305 24180.5 18666.3 0.349002
3.28303e+06 0.918035 133.332 24498.5 18864 0.335053
5.32784e+06 0.857323 124.894 24323.1 20843.3 0.36616
3.59219e+06 0.908831 131.442 24091.7 18605.6 0.339969
3.47918e+06 0.910453 130.019 24407.3 18824.6 0.347659
4.93198e+06 0.890296 149.454 25001.3 15914.8 0.306364
4.98892e+06 0.88766 148.105 24576.4 15678.2 0.298323
6.68707e+06 0.834254 134.386 24041.1 18082.9 0.339248
5.04915e+06 0.884163 145.312 24116.8 15496.9 0.301436
4.84e+06 0.888512 144.897 24658.2 15768.3 0.298626
8.57615e+06 0.841591 180.217 24601 11995 0.23445
8.70761e+06 0.838609 179.861 24509.5 12117.9 0.208993
9.56949e+06 0.794753 155.074 24556.9 14991.2 0.291449
7.97578e+06 0.839682 166.422 24715.2 12204.8 0.190882
8.08551e+06 0.837555 166.174 24456 12132.3 0.191915
1.79885e+07 0.747568 237.308 24124.6 8298.08 0.125458
1.77826e+07 0.747774 235.282 24575 8701.6 0.119675
1.70577e+07 0.708426 195.3 24584.6 11187.3 0.197777
1.5556e+07 0.746993 204.709 24679.2 8890.3 0.0367544
1.56805e+07 0.745702 205.503 24621 8902.73 0.0349003
3.68039e+07 0.585055 295.92 24578.6 5284.86 0.0481624
3.78365e+07 0.571081 294.425 24249.4 5575.69 0.0431873
3.44519e+07 0.557786 258.908 24670.8 7330.79 0.0902109
3.56186e+07 0.576035 280.922 24541.1 5618.23 0.00326519
3.50094e+07 0.581537 279.664 24820.6 5655.69 0.00342696
4.66196e+07 0.501666 311.972 24465.1 4394.31 0.0317396
4.69562e+07 0.496621 310.886 24540.9 4685.05 0.0299854
4.44636e+07 0.476534 284.402 24450.2 5949.65 0.0549696
4.46739e+07 0.504157 300.006 24831 4709.57 0.00189376
4.57212e+07 0.493694 301.486 24397.7 4637.57 0.00166828
