339083 0.00319297 1.13496 2036.72 308.732 0.167199
619742 0.000955174 2.07178 1674.83 212.038 0.124696
1.13848e+06 0.00177408 3.79623 1824.83 274.813 0.137657
3.26004e+06 0.00070796 10.8945 1711.71 276.802 0.106394
3.8363e+06 0.000604086 12.8114 1803.57 308.104 0.109389
4.04878e+06 0.00272108 13.5548 2017.26 399.286 0.12501
5.67845e+06 0.000593806 18.9545 1761.89 317.223 0.0934332
5.5574e+06 0.00138776 18.565 1947.66 370.779 0.10451

349437 0.00243541 1.16228 1925.17 281.451 0.157913
579805 0.00255191 1.94419 1928.24 289.635 0.153485
1.05843e+06 0.00558023 3.55448 1970.14 335.228 0.16622
3.00856e+06 0.00136455 10.0513 2034.06 370.01 0.134848
3.92099e+06 0.000227105 13.0983 1719.18 290.361 0.102699
4.23669e+06 0.00165548 14.1356 1877.82 351.402 0.114468
5.55138e+06 0.000394904 18.5859 1831.65 332.249 0.0964585
5.9582e+06 0.000434013 19.9005 1754.6 314.716 0.091012

349437 0.00243541 1.16228 1925.17 281.451 0.157913
619742 0.000955174 2.07178 1674.83 212.038 0.124696
1.13848e+06 0.00177408 3.79623 1824.83 274.813 0.137657
3.26004e+06 0.00070796 10.8945 1711.71 276.802 0.106394
3.92099e+06 0.000227105 13.0983 1719.18 290.361 0.102699
4.23669e+06 0.00165548 14.1356 1877.82 351.402 0.114468
5.67845e+06 0.000593806 18.9545 1761.89 317.223 0.0934332
5.9582e+06 0.000434013 19.9005 1754.6 314.716 0.091012