7.74516e+06 0 255.515 8219.5 1694.74 0.00352996
1.44978e+07 0 240.827 8098.86 2172.88 0.00538206
2.02652e+07 0.000310531 224.819 8249.36 2912.1 0.0102174
2.53181e+07 0.00256254 212.573 8096.86 3509.56 0.0144413
2.95122e+07 0.0164292 200.394 8147.99 4226.71 0.0211107
3.82513e+07 0.295096 180.887 8163.17 5459.86 0.0347292
4.88103e+07 0.812147 173.443 8135 6023.02 0.0569469
5.27489e+07 0.896783 170.332 8199.46 6270.28 0.0644627
5.99595e+07 0.976035 166.758 8143.12 6475.83 0.0726221
6.14269e+07 0.987638 165.706 8175.76 6557.95 0.0742004
