1.4391e+07 0.606291 121.488 8091.06 3124.89 0.11644
1.89574e+07 0.545924 139.067 8132.56 3831.15 0.0861582
2.47434e+07 0.470938 155.561 8173.25 4497.83 0.0632721
2.92257e+07 0.411887 165.485 8112.98 4819.45 0.050853
3.24197e+07 0.369171 171.648 8174.38 5111.03 0.0451626
4.18235e+07 0.25021 186.367 8287.78 5765.33 0.030154
4.70609e+07 0.189293 192.599 8228.65 5944.25 0.024944
4.90406e+07 0.159787 194.844 8205.47 6003.15 0.022897
5.01802e+07 0.146313 196.136 8175.61 6015.32 0.0219861
1.42505e+07 0.609007 121.347 8263.77 3261.26 0.118686
1.9037e+07 0.544882 139.357 8143.33 3847.06 0.0852964
2.46843e+07 0.471681 155.775 8206.75 4518.12 0.0633594
2.91562e+07 0.414203 165.197 8146.09 4850.92 0.0520701
3.23098e+07 0.372045 171.415 8181.27 5110.84 0.0452493
4.20641e+07 0.246716 186.375 8197.91 5688.1 0.0302531
4.70208e+07 0.185255 192.547 8199.02 5912.37 0.024627
4.89639e+07 0.162103 194.985 8117.92 5941.64 0.0223363
5.02806e+07 0.145742 196.399 8177.83 6018.05 0.0215732
1.42525e+07 0.608799 121.303 8218.78 3213.53 0.118499
1.86061e+07 0.55343 138.717 8484.77 4113.29 0.0883098
2.48538e+07 0.469257 155.873 8135.58 4469.02 0.0625968
2.89678e+07 0.415768 165.338 8224.77 4906.05 0.0517742
3.24214e+07 0.368619 171.436 8153.14 5093.7 0.0445494
4.16505e+07 0.253198 186.089 8267.11 5735.49 0.0303056
4.69218e+07 0.18644 192.628 8266.53 5975.95 0.0250137
4.90637e+07 0.161586 195.094 8217.19 6012.64 0.0224186
5.0228e+07 0.14605 196.216 8195.37 6036.64 0.0218843
