7.63014e+06 0 255.078 8386.05 1725.29 0.00320931
1.4311e+07 0 240.545 8214.67 2201.92 0.00552997
2.03673e+07 9.96413e-05 225.516 8139.43 2830.42 0.00862546
2.50391e+07 0.00104788 210.134 8205.67 3611.85 0.0155508
2.9242e+07 0.00895032 196.94 8142.75 4318.07 0.0223125
3.86942e+07 0.246808 171.411 8236.51 5834.53 0.0483213
4.46272e+07 0.81861 164.11 8165.91 5984.55 0.0727269
4.50202e+07 0.908108 163.335 8231.18 6066.89 0.0760546
4.56278e+07 0.981275 162.507 8182.81 6048.09 0.0791417
4.5364e+07 0.990668 162.025 8230.06 6088.24 0.0798733
