7.68204e+06 0 255.472 8185.81 1676.34 0.00339209
1.45063e+07 0 240.573 8115.95 2177.25 0.00502496
2.01782e+07 5.55661e-05 224.262 8345.44 2955.19 0.00952476
2.53425e+07 0.0012358 210.467 8130.09 3583.15 0.0151066
2.92857e+07 0.00875541 197.319 8156.57 4319.36 0.0219717
3.89991e+07 0.243669 172.662 8196.21 5790.55 0.0472486
4.51463e+07 0.818253 165.353 8186.33 6013.7 0.0715123
4.56371e+07 0.90725 164.195 8210.98 6063.54 0.0755653
4.61504e+07 0.981138 163.194 8178.21 6059.33 0.0789479
4.6609e+07 0.990499 163.571 8154.2 6049.72 0.078485
