197168 0.891773 6.08693
359386 0.861781 8.68396
520841 0.846755 11.3236
653744 0.833827 13.124
775628 0.818158 14.2317
1.11589e+06 0.781434 17.0576
1.38547e+06 0.748439 18.3971
1.55555e+06 0.728618 19.1539
1.60398e+06 0.722484 19.2578
128397 0.872599 3.36956
263217 0.86054 6.28459
433545 0.847428 9.46419
546635 0.839506 11.3671
655399 0.828664 12.7289
911350 0.812591 16.2619
970888 0.815384 17.4982
1.01961e+06 0.811934 18.1181
1.04476e+06 0.811293 18.4323
880272 0.00565404 29.4455
768943 0.276516 17.8198
770369 0.501983 17.1942
763321 0.625189 17.0255
811981 0.681409 16.9163
948007 0.802648 15.9732
1.46611e+06 0.935101 15.0495
1.58765e+06 0.964444 14.8908
1.95081e+06 0.99118 14.7565
1.58716e+06 0.995458 14.6725
