7.69344e+06 0.00600429 259.633 24001.1 6593.69 0.107789
7.79493e+06 0.267329 179.727 24248.7 10935.5 0.216366
7.56212e+06 0.514977 173.403 24470 12637.1 0.224444
7.51641e+06 0.627953 169.3 24884.3 13792.8 0.231772
7.51202e+06 0.701939 167.653 25082.2 14491.6 0.238847
9.29877e+06 0.808345 161.808 24992.5 15813.7 0.256247
1.40951e+07 0.938985 154.23 24502.5 18128.4 0.275993
1.58003e+07 0.965333 152.091 24520.9 18779.4 0.283789
1.88541e+07 0.99166 150.891 24270.2 19519.4 0.284901
7.58255e+06 0.00825756 255.709 24319.6 6768.6 0.112906
7.50241e+06 0.290895 176.519 24720.4 11136.2 0.220766
7.52243e+06 0.51505 172.174 24475.8 12598.5 0.228102
7.84891e+06 0.616291 170.332 24384.4 13669.4 0.227951
8.12744e+06 0.676746 168.476 24435.2 14142.6 0.236542
9.25461e+06 0.809805 162.197 24855.7 15667.5 0.252795
1.36174e+07 0.94093 153.782 24685.8 18102.7 0.27843
1.5783e+07 0.965462 152.479 24396.2 18707.1 0.280932
1.91033e+07 0.991554 150.894 24266.4 19535 0.288149

7.10856e+06 0.0153377 24.0556 1988.92 299.243 0.0495728
7.49887e+06 0.00809242 25.1768 2010.14 376.173 0.0409906
7.72763e+06 0.00369845 25.937 1981.67 401.795 0.0333257
7.79521e+06 0.0036685 26.0692 1996.24 426.945 0.0329811
7.84196e+06 0.00307933 26.3003 1980.78 434.484 0.0309253

7.10149e+06 0.0137904 24.0558 1989.63 304.894 0.0493142
7.52538e+06 0.00638466 25.1852 1993.03 379.63 0.0396819
7.68187e+06 0.00423729 25.7599 2001.55 413.96 0.0343415
7.74966e+06 0.00345101 26.0049 2012.91 436.504 0.0331669
7.88067e+06 0.00218497 26.3462 1990.19 443.424 0.0298877
