599400 0.870844 15.4812 24732.1 9374.83 0.703058
1.16215e+06 0.856222 26.9378 24799.9 11020 0.571763
1.87724e+06 0.839543 39.0481 24348.7 12124.5 0.452106
2.34626e+06 0.829702 45.8576 24386.2 12800.8 0.384196
2.63963e+06 0.825286 50.5076 24609.6 13271.7 0.340879
3.63959e+06 0.807473 62.9089 24262.4 14072.4 0.23507
3.93e+06 0.807926 68.3692 24881.7 14601 0.19293
4.12687e+06 0.80169 69.4234 24676.9 14751.3 0.173808
4.53215e+06 0.791864 72.5156 24097.5 14660.6 0.163955
989300 0.866997 24.7963 24500.7 11032.9 0.546457
1.54537e+06 0.851709 34.7726 24508.8 12476 0.454097
2.17127e+06 0.83538 43.8277 24789.9 13876.6 0.372419
2.65154e+06 0.826937 51.0412 24663.1 14661.5 0.324337
3.09106e+06 0.811198 54.42 24693.2 15114.3 0.290475
4.30282e+06 0.776362 64.2039 24799.7 16748.7 0.217345
5.82036e+06 0.721475 69.501 24212.1 17231.5 0.177205
5.86079e+06 0.724895 71.0563 24386.3 17867.1 0.165917
6.68225e+06 0.692146 72.4921 24523.2 18134.3 0.161089
