---- Static
7.5787e+06 0.0162998 258.933 24460.7 6523.52 0.114251
7.79491e+06 0.327753 192.415 24333.3 9615.23 0.209622
7.81166e+06 0.529253 185.11 24265.5 10051.8 0.219218
7.21918e+06 0.671124 182.935 25616.2 10435.9 0.229227
7.91817e+06 0.710827 182.817 24091.5 10243.2 0.225134
7.56386e+06 0.859801 179.916 24749.8 10502 0.230727
7.63135e+06 0.971663 179.574 24592.7 10504.8 0.234793
7.71163e+06 0.985758 180.414 24546.7 10513.5 0.232805
7.7826e+06 0.997106 179.393 24256.7 10452.7 0.23447
7.76821e+06 0.998554 179.189 24211.4 10392.7 0.235837
--- DBR
7.65129e+06 0.0156156 259.357 24179.8 6602.29 0.104912
7.48632e+06 0.33132 187.924 25118.6 10091.7 0.196225
7.51656e+06 0.536769 180.128 24601.1 10487.8 0.209039
7.19152e+06 0.661118 177.823 24534.6 10628.7 0.211117
7.62117e+06 0.713537 176.788 24482.9 10576.5 0.216822
7.45342e+06 0.857147 174.105 24732.3 10725 0.221911
7.5193e+06 0.971343 174.977 24759.2 10804.8 0.220278
7.42642e+06 0.985741 173.811 24762.2 10878.3 0.222716
7.8329e+06 0.997029 175.866 24261.8 10801.5 0.218685
7.78243e+06 0.998516 174.796 24247.8 10789.3 0.217079
--- SDBR
7.61352e+06 0.0078566 253.345 24436 7017.38 0.11357
7.49205e+06 0.257439 169.182 24316 11171.8 0.237332
7.67451e+06 0.468548 160.76 24013.3 11961 0.265192
7.57031e+06 0.597561 157.145 24466.4 12431.1 0.277017
7.73243e+06 0.668826 155.682 24263.2 12527.2 0.286704
8.01269e+06 0.827718 154.757 24450.8 13009.1 0.288705
7.92273e+06 0.965473 153.247 25077.4 13502.5 0.298323
8.3833e+06 0.982082 155.986 24672.5 13537.7 0.290656
8.50389e+06 0.99633 154.552 24465.9 13612.8 0.29504
8.55898e+06 0.99815 154.244 24504.8 13707.8 0.295459
--- QEDF
7.14918e+06 0.0207917 243.293 24297.5 6936.01 0.0814361
7.39184e+06 0.30759 178.125 24349.9 9927.74 0.163622
7.2275e+06 0.5277 169.048 24363.2 10334 0.183398
7.34943e+06 0.635139 167.795 24147.9 10450.9 0.189224
7.09484e+06 0.717803 167.406 24785.2 10631.8 0.192657
7.07385e+06 0.857543 165.466 24706.5 10677.3 0.195738
7.26638e+06 0.970691 165.423 24218.9 10652.5 0.19913
7.07456e+06 0.985836 166.449 24862 10755.8 0.19441
6.99751e+06 0.997169 164.764 24841.4 10727.5 0.201648
7.14026e+06 0.998561 165.46 24568.9 10669.6 0.201001
--- QSSF
7.08438e+06 0.0259479 239.807 24924.1 7210.94 0.08581
7.25272e+06 0.31719 177.112 24595.1 9973.24 0.169988
7.37613e+06 0.522276 171.239 24346.6 10421.8 0.180499
7.43015e+06 0.631093 168.675 24028.8 10416.1 0.187287
7.22754e+06 0.711411 167.417 24424.8 10531.2 0.19344
7.18242e+06 0.856004 166.202 24508 10630.7 0.199121
6.90962e+06 0.97214 165.437 25161.5 10798.9 0.198511
7.15139e+06 0.985591 165.676 24323.6 10654.3 0.200394
7.44356e+06 0.997026 166.96 24112.4 10656.8 0.196106
7.11385e+06 0.998566 165.427 24551.8 10710.3 0.199684
--- IDBR
7.62447e+06 0.007306 252.767 24404 6841.01 0.114408
7.72221e+06 0.276731 178.317 24361.9 11049.7 0.216945
7.46144e+06 0.518946 172.399 24545.3 12703.9 0.226248
5.10559e+06 0.747924 168.607 24983.2 13875.6 0.235131
85014 0.99656 175.649 20392.2 12537.7 0.196281
9.47214e+06 0.804254 161.594 24558.7 15646.1 0.254721
1.35711e+07 0.940843 153.233 24486.8 18057.8 0.278959
1.5878e+07 0.965074 151.624 24375 18670.3 0.28327
1.95249e+07 0.991378 151.052 24166.7 19532.8 0.284636
1.99808e+07 0.99557 150.468 24229.5 19722.2 0.286187
