7.69344e+06 0.00600429 259.633 24001.1 6593.69 0.107789
7.79493e+06 0.267329 179.727 24248.7 10935.5 0.216366
7.56212e+06 0.514977 173.403 24470 12637.1 0.224444
7.51641e+06 0.627953 169.3 24884.3 13792.8 0.231772
7.51202e+06 0.701939 167.653 25082.2 14491.6 0.238847
9.29877e+06 0.808345 161.808 24992.5 15813.7 0.256247
1.40951e+07 0.938985 154.23 24502.5 18128.4 0.275993
1.58003e+07 0.965333 152.091 24520.9 18779.4 0.283789
1.88541e+07 0.99166 150.891 24270.2 19519.4 0.284901
7.58255e+06 0.00825756 255.709 24319.6 6768.6 0.112906
7.50241e+06 0.290895 176.519 24720.4 11136.2 0.220766
7.52243e+06 0.51505 172.174 24475.8 12598.5 0.228102
7.84891e+06 0.616291 170.332 24384.4 13669.4 0.227951
8.12744e+06 0.676746 168.476 24435.2 14142.6 0.236542
9.25461e+06 0.809805 162.197 24855.7 15667.5 0.252795
1.36174e+07 0.94093 153.782 24685.8 18102.7 0.27843
1.5783e+07 0.965462 152.479 24396.2 18707.1 0.280932
1.91033e+07 0.991554 150.894 24266.4 19535 0.288149
