13490.7 0.802702 0.22859 24310.5 14333.9 0.434417
17682.2 0.78594 0.275613 24614 15435.9 0.38143
23866.2 0.76026 0.332056 24305.1 16127.9 0.320311
27638.5 0.746349 0.362501 24227.1 16513.9 0.286423
30217.4 0.736448 0.382059 24402.1 16976.4 0.267148
38973.7 0.702656 0.436944 24294 17717.4 0.208025
43070.9 0.688272 0.461783 24858.7 18575 0.184034
45347 0.67839 0.470336 24198.4 18123.4 0.172153
46456.5 0.674757 0.476418 24401.7 18396.7 0.167661
9667.75 0.813811 0.173341 24278.8 13656 0.586
13795.5 0.794551 0.22413 24324.4 14715 0.512437
19285.6 0.770684 0.280469 24423.5 15848 0.433539
23239.3 0.754327 0.315216 24451.4 16460.5 0.383995
25811.5 0.74714 0.339553 25198.1 17454.5 0.3509
34663 0.709399 0.397484 24645.3 17931.7 0.268743
39606.1 0.689272 0.425031 24352.4 18081.7 0.22828
40726.5 0.685082 0.432855 24792.8 18585.9 0.217552
42015.7 0.680218 0.436967 24381.3 18313.3 0.209312
321214 0.865335 7.95262 24355.2 10880.2 0.557302
510190 0.847882 11.17 24159.3 12270.3 0.46509
739855 0.828686 14.3935 24266.2 13645.9 0.37623
867273 0.822328 16.2963 25130.4 14748.9 0.332156
1.02294e+06 0.807585 17.7816 24615.3 15045 0.29596
1.49836e+06 0.763066 21.0641 24231.7 16410.8 0.214528
1.92747e+06 0.716815 22.7422 24303.9 17333.3 0.176737
2.06605e+06 0.702364 23.1776 24357.1 17762.2 0.164045
1.94644e+06 0.723638 23.4743 24552.6 18270.3 0.159784
181974 0.876811 4.91239 25258 9294.5 0.732075
365229 0.858531 8.60131 24817.9 10836.2 0.58603
594766 0.839845 12.3701 24377.1 12032.3 0.461409
742059 0.833313 14.8154 24388.5 12625.7 0.39094
822151 0.831079 16.2026 24775 13091.6 0.345
1.17345e+06 0.806372 20.2079 24208.1 14024.9 0.236081
1.31617e+06 0.800212 22.0523 24364.3 14467.3 0.187688
1.35802e+06 0.798764 22.5682 24382.2 14591.5 0.173164
1.40602e+06 0.795776 23.0231 24319.9 14667.4 0.164041
128762 0.871768 3.35196 24023.4 8679.98 0.6841
234368 0.86194 5.66518 24671.8 10308.9 0.558231
341695 0.855078 7.86067 25044.5 11411.3 0.455037
434766 0.844333 9.28828 24540.3 11877.8 0.394804
478700 0.842749 10.1609 24816.7 12296.5 0.357128
635138 0.830023 12.4613 24768.8 13156.5 0.274226
735305 0.81895 13.5635 24290.7 13405.9 0.233638
764747 0.817162 13.9507 24314.4 13530.9 0.220092
784698 0.815077 14.1497 24136.3 13527.5 0.213751
144498 0.904982 5.0724 24069.8 10666.1 0.529119
285304 0.8643 6.99669 24634.3 12068.8 0.445889
404358 0.85072 9.03674 24523.3 13314 0.36962
497698 0.836538 10.1991 25001.5 14226.3 0.332739
598162 0.817975 10.9823 24519.9 14625.1 0.305805
840231 0.78212 12.9026 24444 15970.1 0.242702
1.00285e+06 0.757275 13.7584 24465.5 16844.5 0.217561
1.06498e+06 0.748898 14.1418 24645.2 17501.6 0.206315
1.14582e+06 0.733872 14.3399 24200.4 17500.8 0.197587
