Static
3.16613e+06 0.00338921 10.5874 1798.41 295.641 0.120178
2.93473e+06 0.00948924 9.89272 1872.52 280.705 0.142482
2.90598e+06 0.0086656 9.77768 1772.7 231.136 0.14593
2.77539e+06 0.0134245 9.35249 1808.07 213.379 0.160203
2.39867e+06 0.0243368 8.16939 1750.67 91.1081 0.19958
2.33859e+06 0.0288851 8.04925 1740.34 159.37 0.207923
1.94641e+06 0.0509386 6.8334 1965.57 100.303 0.258357
DBR
3.19153e+06 0.00214958 10.9769 1647.43 269.145 0.102523
2.94328e+06 0.0100722 9.90973 1754.22 235.38 0.136289
2.41086e+06 0.0315581 8.34098 1817.63 376.903 0.194729
2.82802e+06 0.00960276 9.53757 1778.85 213.938 0.147963
2.39352e+06 0.0209634 8.15982 1770.97 96.0658 0.197494
2.10417e+06 0.0442036 7.34075 1885.62 100.153 0.233706
2.04146e+06 0.0589208 7.23527 1800.54 199.836 0.239057
SDBR
3.17804e+06 0.000453172 10.5946 1765.4 307.157 0.114879
2.83874e+06 0.00352327 9.51376 1965.82 322.344 0.150662
2.83852e+06 0.00541221 9.5114 1767.09 218.861 0.151796
2.56941e+06 0.0120434 8.65243 1777.47 159.978 0.184915
2.5408e+06 0.00956274 8.55376 1762.16 297.49 0.188329
2.37704e+06 0.0190006 8.04222 1703.74 80.7757 0.205687
2.15942e+06 0.0359853 7.46508 1864.57 118.469 0.237554
QEDF
3.03027e+06 0.00281416 10.1444 1720.64 286.925 0.0968722
2.75877e+06 0.00795452 9.26718 1820.67 270.716 0.118015
2.70711e+06 0.0068495 9.11213 1710.41 220.639 0.117254
2.44312e+06 0.0154311 8.26485 1831.49 226.719 0.14288
2.20035e+06 0.019866 7.48919 1785.69 150.894 0.157446
1.85369e+06 0.0296237 6.35417 1788.95 80.1891 0.185813
1.54702e+06 0.0551515 5.44486 2040.3 122.401 0.222719
QSSF
2.8497e+06 0.00820372 9.57805 1938.48 347.119 0.115634
2.68693e+06 0.0106914 9.05165 1858.05 288.736 0.125194
2.63907e+06 0.00775553 8.87589 1671.58 189.934 0.120284
2.47234e+06 0.016065 8.38364 1896.05 267.353 0.139888
2.05924e+06 0.0303589 7.10151 1878.94 169.53 0.174651
2.02062e+06 0.0253435 6.91618 1729.61 89.0801 0.17
1.73354e+06 0.039752 6.01192 1850.45 87.3633 0.200274
IDBR
3.20813e+06 0.00105069 10.7121 1783.07 302.855 0.113888
3.12466e+06 0.000753338 10.4235 1746.13 251.274 0.118297
3.05519e+06 0.00179368 10.2233 1798.83 271.827 0.126928
2.93042e+06 0.00548223 9.83805 1807.91 246.728 0.141597
2.66813e+06 0.00579968 8.96595 1774.22 233.243 0.168006
2.59897e+06 0.0112662 8.7435 1807.41 157.284 0.175841
2.41608e+06 0.0180882 8.19362 1749.91 79.0216 0.194982
2.34801e+06 0.0209887 8.00809 1780.21 85.2701 0.20424

