M-offloading
4.16338e+06 0.00517897 13.9924 1839.43 314.425 0.0205112
4.1665e+06 0.00464244 13.9906 1693.9 238.126 0.0195126
4.13973e+06 0.00672806 13.9161 1702.12 214.727 0.0216723
4.03836e+06 0.0133258 13.6115 1854.05 223.314 0.0264589
4.07328e+06 0.00952801 13.7298 1602.54 120.987 0.0234499
3.71369e+06 0.0389693 12.8931 1775.61 101.737 0.0361099
3.48063e+06 0.0630081 12.3926 1782.91 97.3615 0.0442458
DBR
4.2276e+06 0.00289735 14.1366 1719.99 291.201 0.0180569
3.96982e+06 0.0162462 13.4481 2239.55 391.762 0.0287539
4.08537e+06 0.0100903 13.7936 1798.19 247.77 0.0224256
3.96672e+06 0.0190907 13.4638 1943.87 256.759 0.0274726
3.9574e+06 0.0237039 13.5138 1771.27 164.245 0.0278889
3.47196e+06 0.0744212 12.502 2147.8 152.064 0.0434949
3.89101e+06 0.0218964 13.2663 1725.82 80.6376 0.0305046
SDBR
4.21262e+06 0.000293707 14.0642 1759.97 300.565 0.0183655
4.13732e+06 0.00229535 13.815 1836.27 297.767 0.0230867
3.66423e+06 0.0306481 12.6369 1703.19 366.714 0.0443299
4.10674e+06 0.00503057 13.7509 1753.99 219.341 0.0235826
4.01193e+06 0.0117603 13.5175 1727.61 154.897 0.0275678
3.73272e+06 0.0322405 12.8694 1886.77 120.831 0.0368664
3.40115e+06 0.0751508 12.2547 2134.21 134.954 0.0483249
QEDF
3.78963e+06 0.0327021 13.0031 1822.02 409.76 0.0142018
3.96731e+06 0.0195646 13.4731 1705.97 254.477 0.011139
3.86122e+06 0.028029 13.2259 1733.43 225.817 0.0117557
3.71812e+06 0.0412798 12.9307 1811.67 219.661 0.0129059
3.50398e+06 0.0655702 12.5104 1873.65 162.342 0.0129353
3.41987e+06 0.0737835 12.29 1766.55 87.6598 0.0131098
3.23392e+06 0.0978558 11.9263 1917.74 91.0737 0.0140767
QSSF
4.07923e+06 0.0111188 13.7409 1714.2 297.859 0.0107758
3.92629e+06 0.0212543 13.4315 1754 264.696 0.011183
3.82508e+06 0.0316382 13.1745 1779.58 240.806 0.0119412
3.63754e+06 0.0482233 12.8037 1896.7 234.542 0.0129813
3.52761e+06 0.0621517 12.5666 1808.56 152.729 0.0125324
3.37988e+06 0.0770373 12.222 1823.59 91.6078 0.0128589
3.37312e+06 0.0788917 12.1939 1790.18 74.0764 0.0131226
IDBR
4.229e+06 0.000536541 14.1012 1722.21 284.367 0.0177757
4.14143e+06 0.00146506 13.8732 1766.96 263.123 0.020203
4.13443e+06 0.00224694 13.8553 1723.36 224.526 0.0211159
4.05135e+06 0.00768379 13.5746 1935.68 292.621 0.0269793
3.89736e+06 0.0181273 13.217 1731.09 78.0692 0.0316947
3.7447e+06 0.027069 12.8373 2057.62 216.265 0.0384704
3.76583e+06 0.0266973 12.8975 1899.89 116.559 0.0366358