3.12528e+06 0.00585072 10.4624 1838.39 314.734 0.124232
3.04358e+06 0.00800264 10.2349 1759.01 254.887 0.131351
2.75803e+06 0.0160678 9.31532 1899.1 259.937 0.163378
2.8976e+06 0.0103129 9.77792 1713.39 191.713 0.144519
2.32243e+06 0.0408049 8.06149 1919.21 181.38 0.212323
2.27109e+06 0.0332131 7.86835 1813.53 98.6723 0.214246
1.74016e+06 0.079287 6.29825 2027.89 113.015 0.286107
3.13235e+06 0.00462099 10.4995 1815.27 315.56 0.118163
3.01933e+06 0.00612858 10.1352 1794.77 266.338 0.129367
2.90534e+06 0.00981898 9.79635 1795.11 241.987 0.139287
2.86787e+06 0.0102489 9.67336 1747.87 208.298 0.144105
1.89667e+06 0.0547002 6.6963 1750.11 204.824 0.256491
2.40125e+06 0.026058 8.23994 1767.44 98.5269 0.194433
2.3461e+06 0.0249208 8.01947 1759.86 82.0905 0.203394
3.14278e+06 0.00116524 10.5055 1785.6 313.476 0.120031
2.77838e+06 0.00406747 9.31627 2024.69 339.602 0.160846
2.90158e+06 0.00478044 9.73285 1773.39 247.517 0.145887
2.81581e+06 0.00524008 9.41167 1773.98 221.801 0.155473
2.22636e+06 0.023231 7.57976 1966.39 204.668 0.229065
2.42269e+06 0.0166214 8.23614 1729.62 95.1324 0.197815
2.2294e+06 0.0290941 7.64298 1795.02 89.8247 0.227099
3.03777e+06 0.00351656 10.181 1707.12 286.338 0.097531
2.84473e+06 0.00534965 9.55072 1723.53 249.383 0.108526
2.73135e+06 0.00652032 9.193 1692.4 215.705 0.114802
2.48847e+06 0.0138087 8.42661 1798.65 216.399 0.136057
1.93562e+06 0.0309233 6.69844 1969.14 180.167 0.183814
1.93123e+06 0.0284772 6.63018 1783.4 95.6142 0.179135
1.89285e+06 0.0407295 6.59245 1785.33 83.1591 0.180998
2.83399e+06 0.00747724 9.51863 1968.12 352.544 0.117348
2.71022e+06 0.00890472 9.14408 1840.35 278.075 0.121036
2.56702e+06 0.0112969 8.68542 1827.96 246.337 0.13226
2.46458e+06 0.0165045 8.37411 1816.01 223.846 0.13969
2.09999e+06 0.0225628 7.1625 1792.56 157.161 0.167535
1.93072e+06 0.0347593 6.67069 1794.92 97.2462 0.176524
1.8613e+06 0.0344198 6.4499 1796.58 84.2473 0.184726
